# Constructed from biom file
#OTU ID	AGOS38P1A8	AGOS42P6A8	AGOS44P4A8	AGOS46P1A8	AGOS48P4A8	AGOS50P1A8	AGOS53P1A8	AGOS54P5A8	AGOS56P1A8	AGOS57P4A8	AGOS58P6A8	AGOS60P3A8	CONS37P4A8	CONS39P1A8	CONS41P1A8	CONS43P5A8	CONS45P2A8	CONS47P6A8	CONS49P6A8	CONS51P3A8	CONS52P4A8	CONS55P5A8	CONS59P1A8	CONS61P4A8	CONS62P1A8	“taxonomy”
k__Bacteria;p__Firmicutes;c__Clostridia;o__Clostridiales;f__Clostridiaceae;g__	0.10153683094859565	0.11733067729083665	0.0843396108365138	0.20008806693086745	0.12185206694472309	0.12077812667534656	0.15366553613357684	0.058733852202519456	0.15903746668756857	0.021203186751144847	0.11091340450771056	0.06204057630108792	0.06394819928292396	0.12396313364055299	0.12962833833066034	0.09496909682993288	0.1794115202393816	0.08324469970928171	0.09021432131583319	0.0634977152691235	0.14216954022988507	0.1252767428046871	0.09904622157006603	0.14321288814351782	0.17094857244984585
k__Bacteria;p__Firmicutes;c__Bacilli;o__Turicibacterales;f__Turicibacteraceae;g__Turicibacter	0.05967143614202438	0.1050464807436919	0.04460989801664268	0.07837956847203875	0.0716963201520511	0.09734242168951521	0.11551004435168276	0.02334911337559175	0.04898886972879762	0.002070133617715325	0.05549906795458397	0.02740370479270803	0.04002782683148713	0.07636603028308098	0.09824977337703089	0.04964444739815246	0.11802842656470784	0.05807275047862157	0.08855291576673865	0.02937511126936087	0.05201149425287356	0.09930341811112911	0.055025678650036686	0.09782995375311278	0.1448550109467852
k__Bacteria;p__Spirochaetes;c__Spirochaetes;o__Spirochaetales;f__Spirochaetaceae;g__Treponema	0.18521462639109698	0.14548472775564408	0.2013389226052681	0.16160281814178776	0.19882793939073967	0.3216282453856169	0.14883902948082442	0.15790740592152772	0.21053456654648064	0.21673671664261965	0.06592103033384172	0.2148191708321082	0.09808958099213357	0.23620803159973666	0.1259326406805662	0.08406991426862498	0.17363477682653147	0.16946748918669788	0.0813673367669048	0.213518485549819	0.14612068965517241	0.13521248447540363	0.2111518708730741	0.15947552980637292	0.091416826772709
k__Bacteria;p__Firmicutes;c__Clostridia;o__Clostridiales;f__Clostridiaceae;g__SMB53	0.07307896131425543	0.09083665338645418	0.07820809610210849	0.09872302950242184	0.09592946518135262	0.1141916213525312	0.1054004696060527	0.10535184145069405	0.1086377175105816	0.008594191079606047	0.06702253855278767	0.06127609526609821	0.0614330818215872	0.07985516787360106	0.11268391325570044	0.03814713896457766	0.08237054276452498	0.06105084024675601	0.10242565210167802	0.05394338614918996	0.08304597701149426	0.11458502078945948	0.07784299339691857	0.08598871779234639	0.15133372056655198
k__Bacteria;p__Firmicutes;c__Clostridia;o__Clostridiales;f__Peptostreptococcaceae;g__	0.07201907790143085	0.0952191235059761	0.05943815303760245	0.06411272567151034	0.0655192439681115	0.03745117561461285	0.07807200626141404	0.024873625932760973	0.050870042326383445	0.01580829308073521	0.04329774614472123	0.060688032931490735	0.0453256274415369	0.0554312047399605	0.04783487901819957	0.07582906891739218	0.08636023605685313	0.05176203644614621	0.08074430968599434	0.0535279805352798	0.06580459770114942	0.07306010043738863	0.042993396918561994	0.07714590638816893	0.07260622849738618
k__Archaea;p__Euryarchaeota;c__Methanobacteria;o__Methanobacteriales;f__Methanobacteriaceae;g__Methanobrevibacter	0.050980392156862744	0.06308100929614874	0.0530563723956704	0.0456186701893439	0.049944564700913366	0.025733323121697176	0.05843986433602922	0.05448126454304742	0.03268537388305377	0.12006774982748887	0.09345873580749026	0.05804175242575713	0.06833627655589447	0.07577353522053983	0.07447179415661391	0.1022795241576394	0.08623555814146787	0.1722328582571084	0.09573849476657252	0.06326034063260341	0.04504310344827586	0.06641827312489876	0.05847395451210565	0.13523402957767952	0.05174031544613735
k__Bacteria;p__Bacteroidetes;c__Bacteroidia;o__Bacteroidales;f__[Paraprevotellaceae];g__YRC22	0.02851086380498145	0.02343957503320053	0.028592879934930863	0.03910171730515192	0.06678633651866321	0.015394041510300988	0.023023741194886514	0.03995827649843537	0.0022730835554162095	0.053384354808355815	0.020420267751228606	0.015407233166715672	0.0013913415743565046	0.021922317314022385	0.023847709364758385	0.020136904366318868	0.019906907156512343	0.03580798411685457	0.006354876225286592	0.030443297133701263	0.053089080459770115	0.01187969112803067	0.05517241379310345	0.011485490674391422	0.015459541575443457
k__Bacteria;p__Firmicutes;c__Clostridia;o__Clostridiales;f__Clostridiaceae;g__Clostridium	0.01785903550609433	0.04256308100929615	0.02358756178439592	0.026948480845442536	0.05585766327015469	0.04882438538714866	0.03554656926689277	0.030730963652411136	0.061373255996237656	0.00928423561884449	0.05626165056770039	0.03087327256689209	0.03612136779579387	0.018169848584595128	0.03674778606791716	0.06858510001993753	0.026722633197572936	0.02503013543217755	0.10250872237913275	0.026289240994599727	0.015948275862068966	0.0513526648307144	0.045854732208363905	0.06606698175534889	0.0677360260935615
k__Bacteria;p__Firmicutes;c__Bacilli;o__Lactobacillales;f__Lactobacillaceae;g__Lactobacillus	0.01086380498145204	0.10690571049136786	0.15072264280798348	0.002289740202553941	0.06536085739929254	0.003982538102167419	0.007109313853378554	0.16721495627056085	0.011051889010816742	0.2649771030675616	0.017878325707507203	0.18576889150249926	0.14700058864451224	0.013298222514812377	0.01038979150686842	0.10998870206685718	0.0014545756794946388	0.08728639296603559	0.059062967270310684	0.16094000356061955	0.028735632183908046	0.10394729737026838	0.026925898752751285	0.06250952889159933	0.0
k__Bacteria;p__Bacteroidetes;c__Bacteroidia;o__Bacteroidales;f__;g__	0.019978802331743508	0.017662682602921646	0.020021272602139775	0.020959929546455307	0.027136898790982526	0.013977176993183732	0.03261153143751631	0.025756238465858942	0.03370434237341276	0.0126089956715388	0.02372479240806643	0.030579241399588356	0.03703109113287312	0.008097432521395656	0.0745415243009553	0.03555526018475444	0.008478098246197323	0.010494221087711834	0.012460541618209005	0.014361165509465314	0.04920977011494253	0.011825692531994168	0.020469552457813647	0.0018295471870711998	0.010008489343639694
k__Bacteria;p__Firmicutes;c__Clostridia;o__Clostridiales;f__Peptostreptococcaceae;__	0.005405405405405406	0.012151394422310757	0.007445410748920728	0.005460149713782475	0.008130510532706827	0.009496821628245385	0.013696843203756848	0.005616625210623445	0.008308512306004075	0.0016937456872216298	0.004660227080155906	0.00576301087915319	0.004441590410445765	0.005990783410138249	0.006415173279408689	0.005316674420150196	0.006607929515418502	0.00538892434233851	0.007060973583651769	0.005993709572132217	0.008261494252873564	0.013175657432906744	0.004035216434336023	0.007114905727499111	0.020463786247263305
k__Bacteria;p__Firmicutes;c__Clostridia;o__Clostridiales;f__Ruminococcaceae;g__Ruminococcus	0.01875993640699523	0.004648074369189907	0.001814427829568917	0.009511228533685601	0.0033261179451982473	0.004710117178524929	0.006000521784503	0.02118270079435128	0.01050321366985421	0.020575873533655354	0.004490764277241145	0.007703616583357836	0.02413442500133783	0.012705727452271231	0.011366013527648003	0.005582508141157706	0.029049954284764357	0.008863362405162022	0.02367502907459711	0.010741202302533974	0.004669540229885058	0.003941897510664723	0.017828319882611885	0.015754434110890888	0.002278718555917966
k__Bacteria;p__Actinobacteria;c__Coriobacteriia;o__Coriobacteriales;f__Coriobacteriaceae;g__	0.010598834128245893	0.015073041168658699	0.007320277795157355	0.01453104359313078	0.011298241909086109	0.00597380715325113	0.011348812940255675	0.01347990050549627	0.00721116162407901	0.00752775860987391	0.011862396204033215	0.007880035283740077	0.0026756568737625087	0.009809084924292298	0.0037654277944355343	0.005383132850402073	0.011054775164159255	0.018577607601219598	0.02342581824223293	0.010088422052103732	0.007399425287356322	0.012311679896322696	0.013132795304475421	0.016567566194033642	0.011036146731602699
k__Bacteria;p__Bacteroidetes;c__Bacteroidia;o__Bacteroidales;f__Prevotellaceae;g__Prevotella	0.07074721780604133	0.027622841965471448	0.033973596946755925	0.04641127256715104	0.03188849585555145	0.04476526001378571	0.04422123662927211	0.04019898900746209	0.04530490672519204	0.06505238065366037	0.0016946280291476022	0.03981182005292561	0.07491839246535024	0.07412771560236998	0.02140715431280943	0.004984382268890809	0.03445266395145873	0.01871942139970219	0.039582987207177275	0.0813601566672601	0.046192528735632184	0.03137318429720827	0.06962582538517975	0.011078924632820043	0.02872972610696573
k__Bacteria;p__Firmicutes;c__Clostridia;o__Clostridiales;f__Lachnospiraceae;g__	0.013672496025437202	0.00803452855245684	0.014765688544078084	0.008982826948480845	0.007602555303310279	0.0027188481274412193	0.006000521784503	0.01588702559576346	0.0022730835554162095	0.008656922401354997	0.013133367225893916	0.010879153190238165	0.007117247284208273	0.00816326530612245	0.006973014434139879	0.00863959593274407	0.008436538941068905	0.010848755583918315	0.0025751786010965276	0.006765177140822503	0.01896551724137931	0.0072358118688914085	0.012619222303741746	0.003964018905320933	0.0071042402037442475
k__Bacteria;p__Planctomycetes;c__Planctomycetia;o__Pirellulales;f__Pirellulaceae;g__	0.0058823529411764705	0.0	0.00018769943064506038	0.0	0.00021118209175861888	0.00034464272037987287	0.0004565614401252283	0.0	0.0014108794481893713	0.00043911925224264476	0.1401457380105067	0.0007056748015289621	0.005458340022475518	0.0006583278472679394	0.004323268949166725	0.0025254203495713432	0.00041559305128418254	0.0	0.001204519023093537	0.00023737463652008783	0.0008620689655172414	0.0003239915762190183	0.0007336757153338225	0.0006098490623570666	0.0
k__Archaea;p__Euryarchaeota;c__Methanobacteria;o__Methanobacteriales;f__Methanobacteriaceae;g__Methanosphaera	0.07774244833068363	0.0	0.0	0.00017613386173491853	0.0	0.02546526767251283	0.0	0.0	0.03966138893243455	0.0	0.0	0.0	0.0	0.00013166556945358788	0.000976222020779583	0.0	0.0	0.009146990002127207	0.0	0.00011868731826004391	0.0	0.0	0.020396184886280266	0.0	0.00017872302399356597
k__Bacteria;p__Bacteroidetes;c__Bacteroidia;o__Bacteroidales;f__p-2534-18B5;g__	0.0047694753577106515	0.000597609561752988	0.001251329537633736	0.006164685160722149	0.004223641835172378	0.004939878992111511	0.0035872684581267937	0.0016047500601781273	0.0043110205361341905	0.0013173577567279343	0.0017793594306049821	0.005057336077624228	0.0006956707871782523	0.0017774851876234364	0.008158426887943658	0.0037881305243570146	0.0007896267974399468	0.0011345103878607388	0.0003322811098189068	0.005281585662571954	0.017241379310344827	0.001025973324693558	0.00036683785766691124	0.00015246226558926666	0.00044680755998391494
k__Bacteria;p__Proteobacteria;c__Gammaproteobacteria;o__Enterobacteriales;f__Enterobacteriaceae;__	0.0010598834128245894	0.00039840637450199205	0.0053807170118250645	0.00845442536327609	0.0011615015046724038	0.00042122999157540015	0.002869814766501435	0.0	0.004624549302398495	0.0	0.00821894594136587	0.0	0.004923208647723016	0.004739960500329164	0.009971410640820027	0.0010633348840300393	0.0015376942897514755	0.0004963482946890732	0.003073600265824888	0.0	0.00028735632183908046	0.0016199578810950916	0.003888481291269259	0.002337754739035422	0.0013851034359501362
k__Bacteria;p__Firmicutes;c__Clostridia;o__Clostridiales;f__Lachnospiraceae;__	0.025543190249072603	0.013877822045152723	0.022899330538697367	0.013562307353588727	0.011826197138482656	0.007390671670368385	0.009392121054004696	0.01917676321912862	0.002900141087944819	0.03011103443949564	0.014404338247754618	0.01917083210820347	0.012415047894258041	0.015931533903884135	0.011296283383306604	0.021997740413371436	0.008685894771839415	0.016379493724739416	0.005067286924738328	0.00759598836864281	0.01163793103448276	0.009179761326205519	0.030154071900220104	0.005641103826802866	0.011840400339573745
k__Bacteria;p__Firmicutes;c__Clostridia;o__Clostridiales;f__Veillonellaceae;g__Phascolarctobacterium	0.005087440381558029	0.005245683930942895	0.0054432834887067506	0.005548216644649934	0.0007919328440948208	0.0030251972122233286	0.003522045395251761	0.0032897376233651607	0.003605580812039505	0.002822909478702716	0.0051686154889001865	0.0004116436342252279	0.0017124203992080055	0.006122448979591836	0.002928666062338749	0.00598125872266897	0.002451999002576677	0.0048925760476494365	0.0038627679016447914	0.004035368820841493	0.0020833333333333333	0.003347912954263189	0.006382978723404255	0.006911622706713421	0.019257405835306732
k__Bacteria;p__Actinobacteria;c__Coriobacteriia;o__Coriobacteriales;f__Coriobacteriaceae;g__Slackia	0.002596714361420244	0.0031208499335989375	0.0021898266908590377	0.0033465433729634522	0.001319888073491368	0.0012253963391284368	0.002478476389251239	0.0019257000722137528	0.0026649945132465906	0.00250925286995797	0.0012709710218607015	0.002528668038812114	0.0	0.0015799868334430546	0.0004881110103897915	0.0008639595932744069	0.004239049123098661	0.004396227752960363	0.00830702774547267	0.004391430775621625	0.002442528735632184	0.0016199578810950916	0.0013206162876008803	0.0006098490623570666	0.00299361065189223
k__Bacteria;p__Firmicutes;c__Clostridia;o__Clostridiales;f__Ruminococcaceae;g__	0.04292527821939587	0.018857901726427623	0.02734155039729713	0.023601937472479084	0.01969273005649121	0.020372214138010263	0.04037307591964519	0.044210864157907405	0.04091550399749177	0.031177466909227777	0.03389256058295204	0.05016171714201705	0.025846845400545833	0.04206714944042133	0.029565581200753085	0.05336611949225759	0.016457484830853627	0.03240445295327235	0.029323807941518523	0.03720847427452377	0.04317528735632184	0.021113451050272694	0.014600146735143068	0.02454642475987193	0.03498503194674054
k__Bacteria;p__Actinobacteria;c__Coriobacteriia;o__Coriobacteriales;f__Coriobacteriaceae;g__Collinsella	0.0010598834128245894	0.0019256308100929615	0.000625664768816868	0.0028181417877586965	0.0012142970276120585	0.0007275790763575094	0.00150013044612575	0.00032095001203562545	0.0030569054710769712	0.0009409698262342387	0.0020335536349771225	0.0022934431049691268	0.0	0.003028308097432521	0.0	0.0013956270352894265	0.0015376942897514755	0.002765369070410551	0.011671373982389101	0.001542935137380571	0.0004310344827586207	0.0007019817484745397	0.0031548055759354366	0.0022361132286425776	0.0009382958759662213
k__Bacteria;p__Firmicutes;c__Clostridia;o__Clostridiales;f__Christensenellaceae;g__	0.0061473237943826175	0.011420982735723771	0.016580116373647	0.010127697049757816	0.007760941872129243	0.007543846212759439	0.006587529350378294	0.004894487683543288	0.005251606834927105	0.01737657612445894	0.08142687680054228	0.017053807703616582	0.008562101996040027	0.025016458196181698	0.026427724705390142	0.060344254668704723	0.014836671930845317	0.02559739062610792	0.005731849144376142	0.006231084208652305	0.01293103448275862	0.021005453858199685	0.019222303741746147	0.009960868018498754	0.0016978687279388767
k__Bacteria;p__Firmicutes;c__Clostridia;o__Clostridiales;f__;g__	0.013725490196078431	0.018791500664010623	0.021335168616655197	0.021312197269925143	0.018056068845361914	0.013058129738837404	0.01754500391338377	0.026638850998956912	0.014814234205988399	0.026472617778056585	0.0170310116929334	0.020935019112025874	0.016482046342377054	0.01803818301514154	0.018129837528763685	0.027580248554529143	0.01878480591804505	0.019995745586045523	0.012419006479481642	0.02605186635807964	0.023204022988505747	0.011987688320103678	0.014233308877476156	0.01717741525639071	0.01648719896340646
k__Bacteria;p__Firmicutes;c__Clostridia;o__Clostridiales;f__Veillonellaceae;g__Megasphaera	0.0007419183889772125	0.01055776892430279	0.006006381780641932	0.002642007926023778	0.001478274642310332	0.0	0.0	0.02054080077028003	0.0	0.0074650272881249605	0.0	0.0008820935019112026	0.003424840798416011	0.0005266622778143515	0.0009064918764381842	0.0	0.000498711661541019	0.002907182868893143	0.004195049011463698	0.004035368820841493	0.004238505747126437	0.0014039634969490794	0.008657373440939104	0.0	0.0014744649479469193
k__Bacteria;p__Actinobacteria;c__Actinobacteria;o__Bifidobacteriales;f__Bifidobacteriaceae;g__Bifidobacterium	0.0005299417064122947	0.00019920318725099602	0.02440092598385785	0.01558784676354029	0.0056491209545430545	0.0	0.00032611531437516303	0.01588702559576346	0.0005486753409625333	0.00018819396524684775	0.020250804948313845	0.0	0.0	0.00013166556945358788	0.00027892057736559516	0.00019937529075563236	0.0	0.00021272069772388852	0.0	0.0007121239095602635	0.016379310344827588	0.0	0.0031548055759354366	0.0022361132286425776	0.0
k__Bacteria;p__Firmicutes;c__Clostridia;o__Clostridiales;f__Lachnospiraceae;g__Coprococcus	0.0029146793852676206	0.0031872509960159364	0.0042545204279547015	0.0024658740642888597	0.001108705981732749	0.0015700390595083098	0.002348030263501174	0.004734012677525475	0.0023514657469822856	0.001003701147983188	0.0	0.0029991179064980888	0.004869695510247766	0.005069124423963134	0.0028589359179973504	0.0023260450588157107	0.0015792535948798937	0.0020563000779975893	0.008265492606745306	0.0016616224556406148	0.004166666666666667	0.0025919326097521463	0.002714600146735143	0.0009655943487320222	0.006836155667753898
k__Bacteria;p__Firmicutes;c__Clostridia;o__Clostridiales;f__Ruminococcaceae;g__Oscillospira	0.01091679915209327	0.005112881806108898	0.007132578364512294	0.012241303390576838	0.0070218045509740775	0.004710117178524929	0.01324028176363162	0.004092112653454225	0.00721116162407901	0.008782385044852896	0.018640908320623623	0.008585710085269038	0.010006956707871783	0.00901909150757077	0.008995188620040444	0.0182760683192663	0.007189759787216358	0.006807062327164433	0.009719222462203024	0.009494985460803513	0.009626436781609196	0.012365678492359198	0.009391049156272927	0.005285358540427911	0.010499977659622
k__Bacteria;p__Firmicutes;c__Clostridia;o__Clostridiales;f__Peptococcaceae;g__Peptococcus	0.002861685214626391	0.0	0.0013138960145154227	0.0025539409951563187	0.0025341851011034264	0.0008424599831508003	0.004043829898252022	0.0012838000481425018	0.006192193133720019	0.0013800890784768836	0.0	0.004939723610702734	0.0039599721731685125	0.0019091507570770244	0.0016037933198521722	0.00312354622183824	0.002659795528218768	0.002694462171169255	0.003779697624190065	0.002907839297371076	0.004166666666666667	0.0009179761326205518	0.00036683785766691124	0.0017787264318747777	0.0020553147759260087
k__Bacteria;p__Firmicutes;c__Clostridia;o__Clostridiales;f__Ruminococcaceae;__	0.009962904080551139	0.003452855245683931	0.0066320465494588	0.007573756054601497	0.006124280660999947	0.01007122616221184	0.01147925906600574	0.009788975367086577	0.014892616397554476	0.010413399410325576	0.010676156583629894	0.015348426933254925	0.010809653770000534	0.007965766951942068	0.008507077609650651	0.009968764537781618	0.010514504197489819	0.005601645040062398	0.010882206346569197	0.010325796688623821	0.009123563218390805	0.008531778173767482	0.0022743947175348496	0.0043705849468923105	0.010276573879630043
k__Bacteria;p__Fibrobacteres;c__Fibrobacteria;o__Fibrobacterales;f__Fibrobacteraceae;g__Fibrobacter	0.0005829358770535241	0.0	0.004755052243008196	0.0010568031704095112	0.0019006388258275698	0.004212299915754001	0.0005217845030002609	0.0004011875150445318	0.0006270575325286095	0.000501850573991594	0.0009320454160311811	0.002881505439576595	0.0002140525499010007	0.00026333113890717575	0.00027892057736559516	0.0004652090117631422	0.0	0.0	0.0	0.005340929321701976	0.02478448275862069	0.0008639775365840488	0.0	0.0	0.000268084535990349
k__Bacteria;p__Firmicutes;c__Clostridia;o__Clostridiales;f__[Mogibacteriaceae];g__	0.0022257551669316376	0.002390438247011952	0.0032534567978477133	0.001937472479084104	0.0015838656881896416	0.0018380945086926552	0.0037829376467518913	0.006098050228676884	0.001254115065057219	0.003199297409196412	0.004744958481613286	0.002940311673037342	0.008401562583614278	0.003028308097432521	0.0034865072170699395	0.0017279191865488138	0.003657218851300806	0.0068779692264057295	0.003779697624190065	0.0023144027060708564	0.0028735632183908046	0.003077919974080674	0.0025678650036683784	0.004218122681303044	0.003619141235869711
k__Bacteria;p__Bacteroidetes;c__Bacteroidia;o__Bacteroidales;f__S24-7;g__	0.004716481187069422	0.0004648074369189907	0.0020021272602139773	0.007309555261999119	0.0083944881474051	0.007888488933139311	0.010370466997130186	0.004172350156463131	0.015989967079479542	0.0036384166614390565	0.0011862396204033216	0.004410467509556013	0.012629100444159042	0.0021724818959842	0.001324872742486577	0.0003987505815112647	0.005568946887208046	0.0026235552719279585	0.004028908456554245	0.01453919648685538	0.010919540229885057	0.0013499649009125762	0.00036683785766691124	0.0014738019006962444	0.002814887627898664
k__Bacteria;p__Firmicutes;c__Clostridia;o__Clostridiales;f__Lachnospiraceae;g__Dorea	0.000794912559618442	0.005245683930942895	0.0	0.000968736239542052	0.000739137321155166	0.0	0.0	0.006980662761774854	0.0	0.0038893419484348534	0.011523470598203694	0.001881799470743899	0.004602129822871515	0.007899934167215274	0.008855728331357646	0.010301056689041004	0.005818302717978555	0.0037580656597886973	0.002741319156005981	0.0018396534330306807	0.0007902298850574713	0.0	0.0007336757153338225	0.0019311886974640443	0.0012510611679549617
k__Bacteria;p__Verrucomicrobia;c__Verrucomicrobiae;o__Verrucomicrobiales;f__Verrucomicrobiaceae;g__Akkermansia	0.0	0.0	0.0022523931677407246	0.0030823425803610744	0.0013726835964310226	0.0	0.0030002608922515	0.010912300409211265	0.0031352876626430477	0.0	0.0	0.0	0.0	0.0	0.0004881110103897915	0.0	0.00012467791538525475	0.0034744380628235127	0.0	0.00011868731826004391	0.001221264367816092	0.002105945245423619	0.0	0.0	0.0016085072159420938
k__Bacteria;p__Firmicutes;c__Clostridia;o__Clostridiales;f__Clostridiaceae;g__02d06	0.0024907260201377846	0.0	0.0019395607833322906	0.0	0.0	0.0019146817798881826	0.0017610226976258806	0.002246650084249378	0.0039974917698698854	0.002070133617715325	0.0017793594306049821	0.0024110555718906204	0.002515117461336758	0.0	0.0	0.0016614607562969363	0.0011636605435957112	0.0	0.002409038046187074	0.0	0.003879310344827586	0.0	0.0019075568598679383	0.0008131320831427555	0.0012063804119565704
k__Bacteria;p__Actinobacteria;c__Coriobacteriia;o__Coriobacteriales;f__Coriobacteriaceae;g__Adlercreutzia	0.0	0.0027224435590969456	0.0016267283989238566	0.002201673271686482	0.0015838656881896416	0.0	0.0016957996347508478	0.00088261253309797	0.0	0.0006273132174894925	0.0005931198102016608	0.0014113496030579242	0.0	0.0007899934167215273	0.0006275712990725891	0.001462085465541304	0.000664948882054692	0.0012763241863433313	0.00029074597109154346	0.0007121239095602635	0.001867816091954023	0.0017279550731680977	0.0	0.000711490572749911	0.0020999955319244003
k__Bacteria;p__Firmicutes;c__Clostridia;o__Clostridiales;f__Lachnospiraceae;g__Blautia	0.002649708532061473	0.0008632138114209827	0.0010636301069886754	0.0010568031704095112	0.0015310701652499867	0.002182737229072528	0.0009783459431254892	0.00794351279788173	0.005408371218059257	0.001003701147983188	0.0	0.002469861805351367	0.008615615133515279	0.003489137590520079	0.0011156823094623806	0.0008639595932744069	0.003283185105145042	0.0007799758916542579	0.017154012294401062	0.002551777342590944	0.0013649425287356322	0.0014039634969490794	0.001834189288334556	0.0014738019006962444	0.0020553147759260087
k__Bacteria;p__Bacteroidetes;c__Bacteroidia;o__Bacteroidales;f__Bacteroidaceae;g__Bacteroides	0.0003179650238473768	0.001195219123505976	0.0	0.0005284015852047556	0.00042236418351723775	0.00042122999157540015	0.0	0.0008023750300890636	0.00039191095783038096	0.0	0.0068632435180477885	0.0	0.047038047840744904	0.0	0.02133742416846803	0.021731906692363925	0.00020779652564209127	0.0002836275969651847	0.00029074597109154346	0.0	0.0014367816091954023	0.005075868027431287	0.029933969185619955	0.0	0.0
k__Bacteria;p__Bacteroidetes;c__Bacteroidia;o__Bacteroidales;f__[Paraprevotellaceae];g__CF231	0.0005829358770535241	0.00013280212483399734	0.00012513295376337358	0.0005284015852047556	0.00042236418351723775	0.002527379949452401	0.0010435690060005217	0.0007221375270801573	0.0032920520457751998	0.0008782385044852895	0.0	0.00035283740076448106	0.0018194466741585059	0.0	0.00027892057736559516	0.00019937529075563236	0.0002493558307705095	0.0005672551939303694	0.0011214487456388104	0.001483591478250549	0.002011494252873563	0.0	0.0	0.0	0.00017872302399356597
k__Bacteria;p__Bacteroidetes;c__Bacteroidia;o__Bacteroidales;f__Porphyromonadaceae;g__Parabacteroides	0.003391626921038686	0.0027224435590969456	0.0025652255521491584	0.005636283575517393	0.001319888073491368	0.0007658727119552731	0.002021914949126011	0.0019257000722137528	0.0011757328734911428	0.003512954017941158	0.004321301474326385	0.0008232872684504558	0.005404826885000267	0.0028308097432521396	0.005438951258629105	0.0034558383730976276	0.003657218851300806	0.0031199035666170318	0.0018275461040039873	0.006527802504302415	0.003017241379310345	0.0029699227820076677	0.0013206162876008803	0.0016770849214819332	0.0019212725079308342
k__Bacteria;p__Firmicutes;c__Erysipelotrichi;o__Erysipelotrichales;f__Erysipelotrichaceae;g__Catenibacterium	0.00021197668256491787	0.0	0.0	0.0	0.0	0.0	0.0	0.0	0.0	0.0	0.0	0.0	0.02825493658693209	0.001053324555628703	0.0	0.0	0.0	0.0009217896901368503	0.0034889516530985216	0.0	0.0	0.0	0.00036683785766691124	0.0	0.0
k__Bacteria;p__Firmicutes;c__Clostridia;o__Clostridiales;f__Ruminococcaceae;g__Gemmiger	0.0	0.0	0.0	0.0	0.0	0.00026805544918434554	0.0	0.0	0.0	0.0	0.0	0.0	0.0028897094236635095	0.0005266622778143515	0.0	0.0005981258722668971	0.0	0.0	0.004028908456554245	0.00047474927304017565	0.0	0.0	0.0	0.0002541037759821111	0.0
k__Bacteria;p__Firmicutes;c__Erysipelotrichi;o__Erysipelotrichales;f__Erysipelotrichaceae;g__[Eubacterium]	0.0	0.000597609561752988	0.0	0.00035226772346983706	0.0	0.0	0.0	0.0008023750300890636	0.0	0.0	0.0	0.0005880623346074683	0.004762669235297266	0.0	0.001952444041559166	0.0019272944773044462	0.00012467791538525475	0.0007090689924129618	0.0010383784681840837	0.0	0.0	0.0	0.0	0.0005590283071606444	0.0
k__Bacteria;p__Cyanobacteria;c__4C0d-2;o__YS2;f__;g__	0.010545839957604664	0.0008632138114209827	0.0033160232747294	0.0018494055482166448	0.0006863417982155113	0.0010722217967373822	0.004696060527002348	0.0016047500601781273	0.0016460260228875999	0.0	0.00042365700728690055	0.0	0.002461604323861508	0.0003291639236339697	0.0053692211142877064	0.00810792849072905	0.0005402709666694372	0.009501524498333688	0.0010799136069114472	0.001186873182600439	0.004166666666666667	0.0056158539877963175	0.0008070432868672047	0.00045738679676779996	0.0019212725079308342
k__Bacteria;p__Firmicutes;c__Clostridia;o__Clostridiales;f__Lachnospiraceae;g__[Ruminococcus]	0.0	0.00099601593625498	0.0008759306763436151	0.0	0.002111820917586189	0.0	0.0018914688233759456	0.004011875150445318	0.0006270575325286095	0.0005645818957405432	0.0	0.003410761540723317	0.0032107882485150102	0.0	0.0	0.0012627101747856716	0.000498711661541019	0.0	0.0011214487456388104	0.0010088422052103732	0.003017241379310345	0.0008639775365840488	0.0	0.00040656604157137777	0.0011170188999597873
k__Bacteria;p__Verrucomicrobia;c__Verruco-5;o__WCHB1-41;f__RFP12;g__	0.001377848436671966	0.0	0.0	0.0	0.00015838656881896415	0.0	0.0009131228802504566	0.0	0.0007838219156607619	0.00018819396524684775	0.0005083884087442806	0.0	0.0006421576497030021	0.0005266622778143515	0.0003486507217069939	0.0	0.0002909151358989278	0.0	0.0	0.0016022787965105929	0.0	0.0	0.0	0.0003049245311785333	0.0012510611679549617
k__Bacteria;p__Bacteroidetes;c__Bacteroidia;o__Bacteroidales;f__[Paraprevotellaceae];g__	0.0004769475357710652	0.0004648074369189907	0.00037539886129012075	0.0012329370321444298	0.0008447283670344755	0.0	0.0011087920688755545	0.0006419000240712509	0.0	0.0005645818957405432	0.002372479240806643	0.0	0.0	0.001184990125082291	0.0011156823094623806	0.0013956270352894265	0.000498711661541019	0.00042544139544777704	0.00020767569363681676	0.001424247819120527	0.000646551724137931	0.001133970516766564	0.0	0.00020328302078568888	0.0009829766319646128
k__Bacteria;p__Bacteroidetes;c__Bacteroidia;o__Bacteroidales;f__[Paraprevotellaceae];g__[Prevotella]	0.001695813460519343	0.00039840637450199205	0.0021272602139773508	0.0018494055482166448	0.0007919328440948208	0.0020295626866814733	0.0009131228802504566	0.0007221375270801573	0.002508230130114438	0.002760178156953767	0.004236570072869005	0.002117024404586886	0.002515117461336758	0.0033574720210664912	0.0011854124538037793	0.0005316674420150196	0.0027429141384756046	0.0007799758916542579	0.003821232762917428	0.002611121001720966	0.004310344827586207	0.006263837140234354	0.0008804108584005869	0.0008131320831427555	8.936151199678298e-05
k__Bacteria;p__Firmicutes;c__Clostridia;o__Clostridiales;f__Clostridiaceae;g__Sarcina	0.0	0.0	0.0	0.0	0.0	0.0	0.0	0.0	0.0	0.0	0.0	0.0	0.0	0.0	0.0	0.0	0.0	0.0	0.0	0.0	0.0	0.0	0.0	0.0	0.00040212680398552344
k__Bacteria;p__Firmicutes;c__Erysipelotrichi;o__Erysipelotrichales;f__Erysipelotrichaceae;g__Bulleidia	0.0012718600953895071	0.0002656042496679947	0.0	0.00035226772346983706	0.0	0.00026805544918434554	0.0	0.0005616625210623445	0.00023514657469822856	0.0	0.0	0.0	0.004334564135495264	0.0	0.0004881110103897915	0.00033229215125938727	0.0002493558307705095	0.0004963482946890732	0.0011214487456388104	0.0007121239095602635	0.0	0.0	0.000293470286133529	0.00020328302078568888	0.0001340422679951745
k__Bacteria;p__Firmicutes;c__Clostridia;o__Clostridiales;f__Lachnospiraceae;g__Oribacterium	0.00026497085320614734	0.0	0.0	0.0	0.0	0.0002297618135865819	0.0	0.0	0.00031352876626430476	0.0	0.0	0.0	0.0013913415743565046	0.00039499670836076365	0.0	0.0006645843025187745	0.0	0.0	0.0037381624854627015	0.0	0.0	0.0	0.001173881144534116	0.0	0.0
k__Bacteria;p__Firmicutes;c__Clostridia;o__Clostridiales;f__[Mogibacteriaceae];g__Mogibacterium	0.00100688924218336	0.0017264276228419655	0.0	0.001321003963011889	0.0	0.0	0.0	0.0	0.0	0.0	0.0	0.0	0.0032107882485150102	0.0015141540487162606	0.0	0.0005316674420150196	0.0	0.0010636034886194426	0.0036135570692806115	0.0	0.0	0.0	0.0016874541452677916	0.0005082075519642222	0.0
k__Bacteria;p__Firmicutes;c__Bacilli;o__Lactobacillales;f__Streptococcaceae;g__Streptococcus	0.0	0.0	0.0	0.00044033465433729633	0.0002639776146982736	0.0	0.0	0.0	0.0010189684903589905	0.0	0.0	0.0	0.004281050998020014	0.0005266622778143515	0.0	0.0	0.001329897764109384	0.0017017655817911082	0.0015783352716398074	0.0	0.0	0.0	0.0	0.0	0.0004914883159823064
k__Bacteria;p__Bacteroidetes;c__Bacteroidia;o__Bacteroidales;f__BS11;g__	0.001483836777954425	0.0	0.0006882312456985547	0.0	0.001478274642310332	0.00042122999157540015	0.00026089225150013044	0.002005937575222659	0.0010189684903589905	0.001505551721974782	0.0001694628029147602	0.0005880623346074683	0.0	0.0	0.0007670315877553866	0.0	0.00012467791538525475	0.00021272069772388852	0.0	0.0	0.00035919540229885057	0.0007019817484745397	0.000293470286133529	0.0	0.0006702113399758724
k__Archaea;p__Euryarchaeota;c__Thermoplasmata;o__E2;f__[Methanomassiliicoccaceae];g__vadinCA11	0.0005829358770535241	0.00039840637450199205	0.00043796533817180757	0.00044033465433729633	0.00021118209175861888	0.00019146817798881827	0.0003913383772501957	0.0005616625210623445	0.00031352876626430476	0.0010664324697321373	0.002287747839349263	0.00047044986768597473	0.00048161823727725157	0.0005266622778143515	0.0009064918764381842	0.0031900046520901178	0.00045715235641260077	0.0010636034886194426	0.0007891676358199037	0.0	0.0005747126436781609	0.0004319887682920244	0.0009537784299339691	0.0005590283071606444	0.0006702113399758724
k__Bacteria;p__Firmicutes;c__Clostridia;o__Clostridiales;f__Veillonellaceae;g__	0.0	0.0	0.00037539886129012075	0.0	0.000369568660577583	0.0	0.0005870075658752935	0.0	0.0	0.0	0.0009320454160311811	0.0	0.00032107882485150104	0.0013166556945358788	0.0018129837528763685	0.0	0.0	0.0	0.0004153513872736335	0.0	0.000646551724137931	0.0	0.0	0.0	0.0001340422679951745
k__Bacteria;p__Bacteroidetes;c__Bacteroidia;o__Bacteroidales;__;__	0.0009538950715421304	0.0	0.0	0.001937472479084104	0.00021118209175861888	0.0004595236271731638	0.00019566918862509784	0.0	0.00023514657469822856	0.00018819396524684775	0.0	0.0	0.0	0.0	0.0	0.0	0.0	0.0002836275969651847	0.0	0.0023144027060708564	0.0007902298850574713	0.0001079971920730061	0.00036683785766691124	0.0	0.00022340377999195747
k__Bacteria;p__Tenericutes;c__Mollicutes;o__RF39;f__;g__	0.005140434552199258	0.0012616201859229747	0.0	0.00044033465433729633	0.0	0.001876388144290419	0.0005870075658752935	0.0002407125090267191	0.0	0.000501850573991594	0.00042365700728690055	0.0008820935019112026	0.012415047894258041	0.001250822909809085	0.01032006136252702	0.008041470060477172	0.0020779652564209125	0.0009926965893781465	0.000955308190729357	0.0008901548869503294	0.00035919540229885057	0.001187969112803067	0.0	0.0015246226558926666	0.0009829766319646128
k__Bacteria;p__Firmicutes;c__Clostridia;o__Clostridiales;f__Ruminococcaceae;g__Faecalibacterium	0.0001589825119236884	0.0005312084993359894	0.0	0.0	0.0	0.0	0.00032611531437516303	0.00032095001203562545	0.0005486753409625333	0.0	0.0	0.0	0.00032107882485150104	0.0005924950625411455	0.0	0.0	0.0	0.0004963482946890732	0.000706097358365177	0.0	0.0	0.0	0.0	0.0	0.00040212680398552344
k__Bacteria;p__Firmicutes;c__Clostridia;o__Clostridiales;f__Lachnospiraceae;g__Epulopiscium	0.00042395336512983573	0.0021912350597609563	0.0006882312456985547	0.0	0.0002639776146982736	0.0004595236271731638	0.0006522306287503261	0.0004814250180534382	0.0031352876626430477	0.0003763879304936955	0.0011015082189459414	0.0006468685680682153	0.004013485310643763	0.0007899934167215273	0.0021616344745833626	0.00019937529075563236	0.00045715235641260077	0.0	0.0	0.0010088422052103732	0.0007183908045977011	0.0027539283978616556	0.0008070432868672047	0.0003049245311785333	0.0030382914078906217
k__Bacteria;p__Firmicutes;c__Clostridia;o__Clostridiales;f__Dehalobacteriaceae;g__	0.0	0.0	0.0010636301069886754	0.0	0.0006863417982155113	0.0004978172627709274	0.0009131228802504566	0.0012035625451335954	0.0	0.0	0.0016946280291476022	0.0007056748015289621	0.0	0.0	0.0	0.0	0.0005818302717978556	0.0009926965893781465	0.0004984216647283602	0.0	0.0	0.0	0.0	0.0	0.0
k__Bacteria;p__Firmicutes;c__Clostridia;o__Clostridiales;__;__	0.0006359300476947536	0.0014608233731739709	0.0005005318150534943	0.0018494055482166448	0.0006335462752758566	0.0008041663475530367	0.0003913383772501957	0.0002407125090267191	0.001254115065057219	0.0005645818957405432	0.004067107269954245	0.00029403116730373417	0.0002140525499010007	0.0009216589861751152	0.0007670315877553866	0.0003987505815112647	0.000498711661541019	0.002339927674962774	0.0004153513872736335	0.0008901548869503294	0.0	0.0003239915762190183	0.0	0.0	0.0
k__Bacteria;p__Bacteroidetes;c__Bacteroidia;o__Bacteroidales;f__[Paraprevotellaceae];__	0.0	0.0	0.0	0.0	0.0	0.0001531745423910546	0.00019566918862509784	0.0	0.0008622041072268381	0.0	0.0	0.0	0.0	0.0	0.0	0.0	0.0	0.0	0.0	0.0	0.0	0.0	0.0	0.0	0.0
k__Bacteria;p__Firmicutes;c__Erysipelotrichi;o__Erysipelotrichales;f__Erysipelotrichaceae;g__p-75-a5	0.0004769475357710652	0.0	0.0	0.0	0.0	0.0	0.0	0.0	0.0	0.0	0.0	0.0	0.002140525499010007	0.0	0.00027892057736559516	0.0	0.0	0.0	0.0004153513872736335	0.00017803097739006588	0.0	0.0	0.0	0.0	0.0
k__Bacteria;p__Bacteroidetes;c__Bacteroidia;o__Bacteroidales;f__RF16;g__	0.0	0.0002656042496679947	0.00012513295376337358	0.0007045354469396741	0.00010559104587930944	0.0	0.00019566918862509784	0.0	0.00039191095783038096	0.0003763879304936955	0.0	0.00011761246692149368	0.00032107882485150104	0.0	0.00020919043302419636	0.0001329168605037549	0.0	0.0	0.0	0.0	0.0	0.0	0.0	0.0	0.0001340422679951745
k__Bacteria;p__Proteobacteria;c__Deltaproteobacteria;o__Desulfovibrionales;f__Desulfovibrionaceae;g__Desulfovibrio	0.0005299417064122947	0.0007968127490039841	0.000312832384408434	0.00035226772346983706	0.0	0.00038293635597763654	0.0	0.0	0.0	0.000250925286995797	0.0027961362480935434	0.0	0.0009632364745545031	0.00019749835418038183	0.0016037933198521722	0.002924170931082608	0.0	0.0	0.0003322811098189068	0.00047474927304017565	0.00035919540229885057	0.001187969112803067	0.0012472487160674981	0.00020328302078568888	0.000536169071980698
k__Bacteria;p__Firmicutes;c__Clostridia;o__Clostridiales;f__Lachnospiraceae;g__Roseburia	0.0	0.0	0.0	0.0	0.0	0.0	0.0	0.0	0.0	0.0	0.0	0.0	0.0	0.0	0.0	0.0	0.0	0.0	0.0009968433294567204	0.0	0.0	0.0	0.0	0.0	0.0
k__Bacteria;p__Proteobacteria;c__Gammaproteobacteria;o__Aeromonadales;f__Succinivibrionaceae;g__Succinivibrio	0.0	0.0	0.0	0.0	0.0	0.0	0.0	0.0	0.0	0.0	0.0	0.0	0.00048161823727725157	0.0	0.0009064918764381842	0.0	0.0	0.0	0.0	0.0	0.0	0.0	0.0	0.0	0.00031276529198874043
k__Bacteria;p__Tenericutes;c__Mollicutes;o__Anaeroplasmatales;f__Anaeroplasmataceae;g__Anaeroplasma	0.0	0.0	0.0008133641994619283	0.0010568031704095112	0.00021118209175861888	0.0	0.00019566918862509784	0.0002407125090267191	0.0	0.0005645818957405432	0.0	0.00047044986768597473	0.0	0.0	0.0	0.0	8.31186102568365e-05	0.0007090689924129618	0.0	0.00017803097739006588	0.0010775862068965517	0.0	0.0	0.0	0.00022340377999195747
k__Bacteria;p__Firmicutes;c__Clostridia;o__Clostridiales;f__Veillonellaceae;__	0.0	0.0	0.0041919539510730155	0.0	0.0	0.0	0.0005217845030002609	0.0	0.0	0.0	0.0	0.0	0.0	0.0	0.0010459521651209817	0.0	0.0	0.0	0.0018275461040039873	0.0016616224556406148	0.0	0.0	0.0006603081438004402	0.0008639528383391777	0.0
k__Bacteria;p__Firmicutes;c__Erysipelotrichi;o__Erysipelotrichales;f__Erysipelotrichaceae;g__	0.0001589825119236884	0.00019920318725099602	0.0	0.0	0.0	0.0	0.0	0.0	0.0	0.0	0.0	0.0	0.0	0.0	0.0	0.0003987505815112647	0.0002493558307705095	0.0	0.0004984216647283602	0.0	0.0	0.0	0.0	0.0003049245311785333	0.0
k__Bacteria;p__Proteobacteria;c__Epsilonproteobacteria;o__Campylobacterales;f__Campylobacteraceae;g__Campylobacter	0.0	0.0	0.0	0.0	0.0	0.00038293635597763654	0.0	0.0	0.0005486753409625333	0.0	0.0	0.0	0.0028361962861882593	0.0004608294930875576	0.0	0.0005316674420150196	0.00012467791538525475	0.0	8.30702774547267e-05	0.0013649041599905051	0.00014367816091954023	0.0004859873643285275	0.0	0.0	0.0
k__Bacteria;p__Firmicutes;c__Clostridia;o__Clostridiales;f__Veillonellaceae;g__Selenomonas	0.0	0.0	0.001188763060752049	0.0	0.0	0.0	0.0	0.0	0.0	0.0	0.0	0.0	0.0	0.0	0.0011854124538037793	0.0	0.0	0.0	0.0	0.0	0.0	0.0	0.0	0.0	0.0
k__Bacteria;p__Bacteroidetes;c__Bacteroidia;o__Bacteroidales;f__Porphyromonadaceae;g__Paludibacter	0.0	0.0	0.00012513295376337358	0.00044033465433729633	0.00015838656881896415	0.0	0.0	0.0	0.00023514657469822856	0.0	0.0006778512116590408	0.0	0.0	0.0	0.0004183808660483927	0.0	0.0	0.0	0.0	0.0	0.0	0.00016199578810950914	0.0	0.0	0.0
k__Bacteria;p__Proteobacteria;c__TA18;o__PHOS-HD29;f__;g__	0.0	0.0	0.0	0.00017613386173491853	0.00021118209175861888	0.0	0.00013044612575006522	0.0	0.0	0.0	0.0	0.0	0.00016053941242575052	0.0	0.0	0.0	0.00020779652564209127	0.0	0.0	0.0	0.0	0.0001079971920730061	0.0	0.0	0.00031276529198874043
k__Bacteria;p__Firmicutes;c__Erysipelotrichi;o__Erysipelotrichales;f__Erysipelotrichaceae;g__L7A_E11	0.00100688924218336	0.0	0.0	0.0	0.0	0.0	0.0	0.0	0.0	0.0	0.0	0.0	0.0008026970621287526	0.0	0.0004881110103897915	0.0003987505815112647	0.0	0.0	0.0	0.0	0.0	0.0	0.0	0.0	0.0
k__Bacteria;p__Firmicutes;c__Clostridia;o__Clostridiales;f__Lachnospiraceae;g__Clostridium	0.0	0.0	0.0	0.0	0.0	0.0	0.0003913383772501957	0.0	0.0	0.0	0.0	0.0	0.0	0.0	0.0	0.0	0.0	0.0	0.0	0.0	0.0	0.0	0.0	0.0	0.00022340377999195747
k__Bacteria;p__Firmicutes;c__Erysipelotrichi;o__Erysipelotrichales;f__Erysipelotrichaceae;g__Sharpea	0.0	0.0	0.0	0.0	0.0	0.0	0.0	0.00016047500601781272	0.0	0.0	0.0	0.0	0.0	0.0	0.0	0.0	0.0	0.0	0.0	0.0	0.0	0.0	0.0	0.00015246226558926666	0.0
k__Bacteria;p__Firmicutes;c__Clostridia;o__Clostridiales;f__Lachnospiraceae;g__Lachnospira	0.0	0.0	0.0	0.0	0.0	0.0	0.0	0.0	0.0	0.0	0.0	0.0	0.0	0.0004608294930875576	0.0	0.0	0.0	0.0	0.0	0.0	0.0	0.0	0.0	0.0	0.0
k__Bacteria;p__Proteobacteria;c__Epsilonproteobacteria;o__Campylobacterales;f__Helicobacteraceae;g__Helicobacter	0.0	0.0	0.0	0.0	0.0	0.0	0.0	0.0	0.0	0.0	0.0	0.0	0.0016053941242575051	0.0	0.0	0.0	0.0	0.0	0.0	0.0	0.0	0.0007559803445110427	0.00044020542920029346	0.0	0.0
k__Bacteria;p__Firmicutes;c__Clostridia;o__Clostridiales;f__Veillonellaceae;g__Anaerovibrio	0.0	0.0	0.0	0.0	0.0	0.0	0.0	0.0	0.0018811725975858284	0.0005645818957405432	0.0	0.0	0.0	0.0	0.0	0.0	0.0	0.0	0.0	0.0	0.0	0.0	0.0	0.0	0.0
k__Bacteria;p__Firmicutes;c__Clostridia;o__Clostridiales;f__Eubacteriaceae;g__Anaerofustis	0.00026497085320614734	0.0	0.0	0.0	0.0	0.0	0.0	0.0	0.0	0.0	0.0	0.0	0.0	0.0	0.0004881110103897915	0.00033229215125938727	0.0	0.0	0.0	0.0	0.0	0.00026999298018251527	0.0	0.0	0.0
k__Bacteria;p__Firmicutes;c__Clostridia;o__Clostridiales;f__Clostridiaceae;__	0.0	0.0	0.0	0.0	0.0	0.0	0.0	0.0	0.0	0.0	0.0	0.0	0.0	0.0	0.0	0.0	0.0	0.0	0.0	0.0	0.0	0.0	0.0	0.0	0.0008489343639694383
k__Bacteria;p__Actinobacteria;c__Actinobacteria;o__Actinomycetales;f__Corynebacteriaceae;g__Corynebacterium	0.0	0.0	0.0	0.0	0.0	0.0	0.0	0.0	0.0	0.0	0.0	0.0	0.0	0.0	0.0	0.0	0.0	0.0	0.0	0.0	0.0	0.0	0.0	0.0	0.0005808498279790894
k__Bacteria;p__Proteobacteria;c__Deltaproteobacteria;o__GMD14H09;f__;g__	0.0	0.0	0.0	0.0	0.0	0.0	0.00013044612575006522	0.0	0.0	0.0	0.0	0.0	0.0	0.0	0.0010459521651209817	0.0	0.0	0.0	0.0	0.0	0.0	0.0	0.0	0.0	0.0
k__Bacteria;p__Proteobacteria;c__Betaproteobacteria;o__Burkholderiales;f__Oxalobacteraceae;g__Oxalobacter	0.0	0.0	0.0	0.0	0.0	7.65872711955273e-05	0.0	0.0	0.0	0.0	0.0	0.0	0.0	0.0	0.0004183808660483927	0.0	0.0	0.0	0.0	0.0	0.0	0.0	0.0	0.0	0.0
k__Bacteria;p__Firmicutes;c__Erysipelotrichi;o__Erysipelotrichales;f__Erysipelotrichaceae;g__RFN20	0.0	0.0	0.0	0.0	0.0	0.0	0.0	0.0	0.0	0.0	0.0	0.0	0.00026756568737625085	0.0	0.0	0.0	0.0	0.00021272069772388852	0.0	0.0	0.0	0.0	0.0	0.0	0.0
k__Bacteria;p__Firmicutes;c__Clostridia;o__Clostridiales;f__Veillonellaceae;g__Dialister	0.0	0.0	0.0	0.0	0.0	0.0	0.0	0.0	0.0	0.0	0.0	0.0	0.00032107882485150104	0.0	0.0003486507217069939	0.0	0.0	0.0	0.0	0.0	0.0	0.0	0.0	0.0	0.0
k__Bacteria;p__TM7;c__TM7-3;o__CW040;f__F16;g__	0.0	0.0	0.0	0.0	0.0	0.0	0.0	0.0	0.0	0.0	0.0	0.0	0.0	0.0	0.0	0.0001329168605037549	8.31186102568365e-05	0.0	0.0	0.0	0.0	0.0	0.0	0.0	0.0
k__Bacteria;p__Fusobacteria;c__Fusobacteriia;o__Fusobacteriales;f__Fusobacteriaceae;__	0.0	0.0	0.0	0.0	0.0	0.0	0.0	0.0	0.0	0.0	0.0	0.0	0.0008562101996040027	0.0	0.0	0.0003987505815112647	0.0	0.0	0.0	0.0	0.0	0.00016199578810950914	0.0	0.0	0.0
k__Bacteria;p__Synergistetes;c__Synergistia;o__Synergistales;f__Synergistaceae;__	0.0	0.0	0.0	0.0	0.0	0.0	0.0	0.0	0.0	0.0	0.0	0.0	0.0	0.0	0.0	0.0012627101747856716	0.0	0.0	0.0	0.0	0.0	0.0	0.0	0.0	0.0
k__Bacteria;p__Bacteroidetes;c__Bacteroidia;o__Bacteroidales;f__Prevotellaceae;g__	0.0	0.0	0.0	0.0	0.0	0.0	0.0	0.0	0.0	0.0	0.0	0.0	0.0007491839246535025	0.0	0.0	0.0	0.0	0.0	0.0	0.0	0.0	0.0	0.0	0.0	0.0
k__Bacteria;p__Synergistetes;c__Synergistia;o__Synergistales;f__Synergistaceae;g__Synergistes	0.0	0.0	0.0	0.0	0.0	0.0	0.0	0.0	0.0	0.0	0.0005931198102016608	0.0	0.0	0.0	0.0	0.0	0.0	0.0	0.0	0.0	0.0	0.0	0.0	0.0	0.0
k__Bacteria;p__Firmicutes;c__Clostridia;o__Clostridiales;f__[Mogibacteriaceae];__	0.0	0.0	0.0010010636301069887	0.0	0.0	0.0	0.0	0.0	0.0	0.0	0.0	0.0	0.0	0.0	0.0	0.0	0.0	0.0	0.0	0.0	0.0	0.0	0.0	0.0	0.0
k__Bacteria;p__Lentisphaerae;c__[Lentisphaeria];o__Z20;f__R4-45B;g__	0.0	0.0	0.0	0.0	0.0	0.0	0.0	0.0	0.0	0.0	0.0002541942043721403	0.0	0.0	0.0	0.0	0.0	0.0	0.0	0.0	0.0	0.0	0.0	0.0	0.0	0.0
k__Bacteria;p__Spirochaetes;c__Spirochaetes;__;__;__	0.0	0.0	0.0	0.0	0.0	0.0	0.0	0.0	0.0	0.0	0.0	0.0	0.0	0.0	0.0	0.0	0.0	0.0	0.0	0.0	0.0	0.00026999298018251527	0.0	0.0	0.0
k__Bacteria;p__Synergistetes;c__Synergistia;o__Synergistales;f__Dethiosulfovibrionaceae;g__Pyramidobacter	0.0	0.0	0.0	0.0	0.0	0.0	0.0	0.0	0.0	0.0	0.0003389256058295204	0.0	0.0	0.0	0.0	0.0003987505815112647	0.0	0.0	0.0	0.0	0.0	0.0	0.0	0.0	0.0
k__Bacteria;p__Bacteroidetes;c__Bacteroidia;o__Bacteroidales;f__[Odoribacteraceae];g__Butyricimonas	0.0	0.0	0.0	0.0	0.0	0.0	0.0	0.0	0.0	0.0	0.0	0.0	0.0	0.0	0.0007670315877553866	0.0	0.0	0.0	0.0	0.0	0.0	0.0	0.0	0.0	0.0
k__Bacteria;p__Proteobacteria;c__Epsilonproteobacteria;o__Campylobacterales;f__Helicobacteraceae;g__Flexispira	0.00021197668256491787	0.0	0.0	0.0	0.0	0.0	0.0	0.0	0.0	0.0	0.0	0.0	0.0	0.0	0.0	0.0	0.0	0.0	0.0	0.0006527802504302415	0.0	0.0	0.0	0.0	0.0
k__Bacteria;p__Synergistetes;c__Synergistia;o__Synergistales;f__Synergistaceae;g__	0.0	0.0	0.0	0.0	0.0	0.0	0.0	0.0	0.0	0.0	0.0	0.0	0.0	0.0	0.0	0.0012627101747856716	0.0	0.0	0.0	0.0	0.0	0.0	0.0	0.0	0.0
k__Bacteria;p__Tenericutes;c__RF3;o__ML615J-28;f__;g__	0.0	0.0	0.0	0.0	0.0	0.0	0.0	0.0	0.0	0.0	0.0	0.0	0.0	0.0	0.0005578411547311903	0.0	0.0	0.0	0.0	0.0	0.0	0.0	0.0	0.0	0.00022340377999195747
k__Bacteria;p__Firmicutes;c__Erysipelotrichi;o__Erysipelotrichales;f__Erysipelotrichaceae;g__Coprobacillus	0.0	0.0	0.0	0.0	0.0	0.0	0.0	0.0	0.0	0.0	0.0	0.0	0.00037459196232675124	0.0	0.0	0.0	0.0	0.0	0.0	0.0	0.0	0.0	0.0	0.0	0.0
k__Bacteria;p__Deferribacteres;c__Deferribacteres;o__Deferribacterales;f__Deferribacteraceae;g__Mucispirillum	0.0	0.0	0.0	0.0	0.0	0.0	0.0	0.0	0.0	0.0	0.0	0.0	0.0	0.0	0.0	0.0002658337210075098	0.0	0.0	0.0	0.0	0.0	0.0	0.0	0.0	0.0
k__Bacteria;p__Bacteroidetes;c__Bacteroidia;o__Bacteroidales;f__Rikenellaceae;g__	0.0	0.0	0.0	0.0	0.0	0.0	0.0	0.0	0.0	0.0	0.0	0.0	0.0	0.0	0.0	0.00019937529075563236	0.0	0.0	0.0	0.0	0.0	0.0	0.0001467351430667645	0.0	0.0
k__Bacteria;p__Synergistetes;c__Synergistia;o__Synergistales;f__Dethiosulfovibrionaceae;g__	0.0	0.0	0.0	0.0	0.0	0.0	0.0	0.0	0.0	0.0	0.0	0.00011761246692149368	0.0	0.0	0.0	0.0	0.0	0.0	0.0	0.0	0.0	0.0	0.0	0.0	0.0
k__Bacteria;p__Verrucomicrobia;c__Opitutae;o__[Cerasicoccales];f__[Cerasicoccaceae];g__	0.0	0.0	0.0	0.0	0.0	0.0	0.0	0.0	0.0	0.0	0.0	0.0	0.0	0.0	0.00013946028868279758	0.0	0.0	0.0	0.0	0.0	0.0	0.0	0.0	0.0	0.0