# Constructed from biom file
#OTU ID	AGOS38P1A0	AGOS42P6A0	AGOS44P4A0	AGOS46P1A0	AGOS48P4A0	AGOS56P1A0	AGOS57P4A0	AGOS58P6A0	AGOS60P3A0	CONS37P4A0	CONS39P1A0	CONS41P1A0	CONS43P5A0	CONS45P2A0	CONS47P6A0	CONS49P6A0	CONS51P3A0	CONS52P4A0	CONS55P5A0	CONS59P1A0	CONS61P4A0	CONS62P1A0	“taxonomy”
k__Bacteria;p__Firmicutes;c__Clostridia;o__Clostridiales;f__Clostridiaceae;g__	0.08942166421797783	0.053493527855252805	0.08218400837988826	0.10195756331279945	0.09742407101209642	0.1247197169764313	0.04792056410994388	0.06018672890963655	0.06829145728643216	0.09642533936651583	0.049076073914086873	0.10952283011106541	0.06466620144219586	0.10206985769728331	0.05494289090192989	0.059246746746746744	0.08480908615407606	0.06364956437560504	0.07508147405364753	0.08169533169533169	0.0727291325695581	0.08697079094191007
k__Bacteria;p__Firmicutes;c__Bacilli;o__Turicibacterales;f__Turicibacteraceae;g__Turicibacter	0.09022305329237344	0.06565114782235572	0.05778631284916201	0.036714579055441475	0.07771299277695588	0.04519408042254223	0.03748740826018132	0.050725241747249086	0.04582914572864322	0.07420814479638009	0.04085673146148308	0.06555944055944056	0.08226719392106692	0.06862871927554981	0.05927530523828279	0.03541041041041041	0.06769782559964134	0.05584462729912875	0.06881423915768363	0.06403562653562654	0.06592675941080196	0.07690624658133684
k__Bacteria;p__Spirochaetes;c__Spirochaetes;o__Spirochaetales;f__Spirochaetaceae;g__Treponema	0.0422064912515026	0.14914539083172423	0.17724336592178772	0.13418206707734429	0.15277173440083544	0.018635706811500324	0.13879694920132393	0.07306602200733578	0.17025125628140703	0.10778280542986425	0.20080393568514518	0.13430686960098726	0.1112661859347135	0.08725743855109962	0.05657457941821865	0.0920920920920921	0.15280579840095643	0.13268393030009681	0.10804712960641764	0.06203931203931204	0.07779255319148937	0.17580133464609998
k__Bacteria;p__Firmicutes;c__Clostridia;o__Clostridiales;f__Clostridiaceae;g__SMB53	0.05683184185922265	0.029786168919402133	0.03784043296089386	0.05357973990417522	0.05787137759986076	0.10384174597638149	0.024176140451863577	0.029134711570523508	0.025678391959798996	0.04669683257918552	0.040436765058795295	0.061754422048539696	0.03148018919128479	0.03201811125485123	0.05356439543127216	0.05105105105105105	0.03586639766868415	0.024322362052274928	0.048759087490599144	0.0949017199017199	0.02025368248772504	0.05356817270174671
k__Bacteria;p__Firmicutes;c__Clostridia;o__Clostridiales;f__Peptostreptococcaceae;g__	0.05255776679577935	0.05553171708503182	0.04399441340782123	0.03427789185489391	0.07179531807501523	0.05849818127460262	0.03597639948193985	0.07152384128042681	0.054321608040201	0.04683257918552036	0.033597312215022795	0.048591114767585354	0.05916104520431108	0.05646830530401035	0.05651831429696731	0.04441941941941942	0.0505865650452066	0.05433204259438529	0.06342441714715467	0.03125	0.07656505728314239	0.046967873682675125
k__Archaea;p__Euryarchaeota;c__Methanobacteria;o__Methanobacteriales;f__Methanobacteriaceae;g__Methanobrevibacter	0.02691331641511954	0.06479296288350139	0.1466916899441341	0.06433949349760439	0.10556087372726482	0.001544670885445214	0.14548855950496475	0.09911637212404134	0.11477386934673367	0.06791855203619909	0.10187185025197984	0.10515220074043603	0.1360781577110956	0.11882276843467011	0.14524841051032464	0.08433433433433433	0.11036389449301352	0.12034123910939012	0.11425169215342192	0.05789312039312039	0.1497033551554828	0.12150384713561609
k__Bacteria;p__Bacteroidetes;c__Bacteroidia;o__Bacteroidales;f__[Paraprevotellaceae];g__YRC22	0.029517830906905303	0.09221912322105413	0.0791288407821229	0.04791238877481177	0.08502306152641198	0.0019931237231551146	0.004964743128507699	0.09699066355451817	0.09733668341708543	0.03755656108597285	0.09029277657787377	0.046225832990538875	0.06745754826703884	0.0333764553686934	0.09129015923029314	0.0426051051051051	0.0657550623925876	0.06334704743465634	0.0527074454750564	0.014588452088452088	0.0425531914893617	0.03555409692593808
k__Bacteria;p__Firmicutes;c__Clostridia;o__Clostridiales;f__Clostridiaceae;g__Clostridium	0.04574595966341659	0.07008510333976972	0.04499825418994413	0.10929500342231348	0.08624140631798799	0.06407892769943695	0.022593178874658223	0.0817355785261754	0.05472361809045226	0.02235294117647059	0.10499160067194624	0.09049773755656108	0.030549740249670467	0.05989650711513583	0.13711810048950657	0.06675425425425426	0.04856908017634312	0.13328896418199418	0.12490599147656054	0.12323402948402948	0.14085515548281505	0.06881085220435401
k__Bacteria;p__Firmicutes;c__Bacilli;o__Lactobacillales;f__Lactobacillaceae;g__Lactobacillus	0.0	0.013587928198526783	0.003666201117318436	0.00867898699520876	0.00021756156992428858	0.008969056754198016	0.0	0.014379793264421474	0.0002512562814070352	0.0006334841628959276	0.0024598032157427405	0.006941587823940765	0.0017058230596262696	0.0036222509702457956	0.0002813256062566815	0.0	0.0005230516326683105	0.015549370764762828	0.014163950864878415	0.008292383292383292	0.010382569558101473	0.0
k__Bacteria;p__Bacteroidetes;c__Bacteroidia;o__Bacteroidales;f__;g__	0.016161346333644983	0.011907316026603732	0.03059532122905028	0.07422313483915127	0.02588982682099034	0.014948427923663361	0.05432436321772917	0.023132710903634546	0.050301507537688445	0.0167420814479638	0.027897768178545716	0.038461538461538464	0.016670543537256725	0.01461836998706339	0.00669554942890902	0.02927927927927928	0.0587312261824703	0.037088576960309774	0.03158686387565806	0.07716523341523342	0.007774140752864157	0.06738868832731648
k__Bacteria;p__Firmicutes;c__Clostridia;o__Clostridiales;f__Peptostreptococcaceae;__	0.012755442767463604	0.006400629335621827	0.00803072625698324	0.005092402464065709	0.012226960229745018	0.008022322985699337	0.006475751906749172	0.0053351117039013	0.0067336683417085425	0.006742081447963801	0.005339572834173266	0.007095845331139449	0.009382026827944484	0.00685640362225097	0.00866482867270579	0.006756756756756757	0.00934020772621983	0.010225072604065827	0.017986964151416394	0.007831695331695332	0.009155073649754502	0.011377311016300186
k__Bacteria;p__Firmicutes;c__Clostridia;o__Clostridiales;f__Ruminococcaceae;g__Ruminococcus	0.01429143849338854	0.03257526997067868	0.005979399441340782	0.008870636550308009	0.008920024366895832	0.014798943644426727	0.03806303065189236	0.02300766922307436	0.017889447236180904	0.03452488687782805	0.01583873290136789	0.019076511723570548	0.036209971311157635	0.037710219922380335	0.02413773701682327	0.007882882882882882	0.01890458043786894	0.011314133591481123	0.01002757583354224	0.009904791154791155	0.009410801963993453	0.00929876381139919
k__Bacteria;p__Actinobacteria;c__Coriobacteriia;o__Coriobacteriales;f__Coriobacteriaceae;g__	0.03886737010818753	0.023492812701137095	0.02404853351955307	0.01486652977412731	0.020363762944913412	0.017439832577607256	0.0017268671751331126	0.041472157385795266	0.018944723618090454	0.0488235294117647	0.025557955363570913	0.016454134101192924	0.03171280142668838	0.021410090556274256	0.03280256568952906	0.013388388388388388	0.022939550175595905	0.01573088092933204	0.0276385058912008	0.0171990171990172	0.02117430441898527	0.01527914524304416
k__Bacteria;p__Bacteroidetes;c__Bacteroidia;o__Bacteroidales;f__Prevotellaceae;g__Prevotella	0.08134099105115533	0.14324536937710078	0.058877444134078215	0.035920602327173166	0.02571577756505091	0.06183666351088744	0.09828752338465967	0.039096365455151716	0.04105527638190955	0.10470588235294118	0.04037676985841133	0.03799876593994241	0.08808249980615647	0.09980595084087969	0.061750970573341585	0.10935935935935936	0.04244190390794291	0.023233301064859633	0.03710203058410629	0.05244164619164619	0.007978723404255319	0.02636473033584947
k__Bacteria;p__Firmicutes;c__Clostridia;o__Clostridiales;f__Lachnospiraceae;g__	0.01649525844797649	0.01126367732246299	0.024659567039106146	0.028774811772758386	0.019754590549125404	0.013752553689770292	0.02575910202906893	0.024383127709236414	0.03522613065326633	0.03705882352941176	0.019858411327093834	0.01809954751131222	0.023338760952159417	0.016041397153945668	0.014178810555336747	0.015327827827827828	0.02772173653142046	0.031945788964181994	0.029769365755828527	0.013436732186732187	0.009922258592471358	0.02527075812274368
k__Bacteria;p__Planctomycetes;c__Planctomycetia;o__Pirellulales;f__Pirellulaceae;g__	0.0020034726859890477	0.0	0.00017458100558659218	0.0010951403148528405	0.0008267339657122965	0.002242264188549504	0.001439055979277594	0.000916972324108036	0.00015075376884422112	0.0004072398190045249	0.0005399568034557236	0.0005141916906622789	0.0005427618826083586	0.0005821474773609315	0.00019692792437967703	0.005442942942942943	0.0008219382799073452	0.00018151016456921588	0.0	0.0023802211302211304	0.12673895253682488	0.00018232870218429784
k__Archaea;p__Euryarchaeota;c__Methanobacteria;o__Methanobacteriales;f__Methanobacteriaceae;g__Methanosphaera	0.017764124482436222	0.0	0.0	0.0	0.0	0.018386566346105936	0.0	0.0	0.0	0.0	0.0	0.0012340600575894694	0.0	0.0	0.0012097001069037304	0.0	0.0	0.0	0.0	0.009444103194103194	0.0	0.0
k__Bacteria;p__Bacteroidetes;c__Bacteroidia;o__Bacteroidales;f__p-2534-18B5;g__	0.01302257245892881	0.0015018236429950654	0.002182262569832402	0.0033401779603011634	0.0032634235488643287	0.0	0.028996977982443516	0.0010836945648549517	0.015326633165829147	0.0021719457013574662	0.0037197024238060953	0.003805018510900864	0.0026362720012405986	0.002263906856403622	0.0004782535306363585	0.004942442442442442	0.011133527609654038	0.004295740561471442	0.005327149661569316	0.008522727272727272	0.0010229132569558102	0.001093972213105787
k__Bacteria;p__Proteobacteria;c__Gammaproteobacteria;o__Enterobacteriales;f__Enterobacteriaceae;__	0.002404167223186857	0.018021883715940785	0.002836941340782123	0.0034496919917864476	0.004264206770516056	0.029896855847326723	0.0006475751906749172	0.018839613204401466	0.002763819095477387	0.007601809954751132	0.009839212862970962	0.003702180172768408	0.0027913468248429866	0.007050452781371281	0.0033196421538288414	0.009822322322322323	0.00276470148696107	0.0018151016456921588	0.005765856104286789	0.0062192874692874696	0.0022504091653027824	0.0
k__Bacteria;p__Firmicutes;c__Clostridia;o__Clostridiales;f__Lachnospiraceae;__	0.007679978629624683	0.027533433454909533	0.020207751396648044	0.0151129363449692	0.018971368897397964	0.021426080023917486	0.023312706864297022	0.03572024008002667	0.024321608040201004	0.02420814479638009	0.01673866090712743	0.02437268613739202	0.029541753896254942	0.023027166882276844	0.025769425533112025	0.014577077077077076	0.03340058282896212	0.012403194578896418	0.02143394334419654	0.0059121621621621625	0.016775777414075287	0.020129088721146483
k__Bacteria;p__Firmicutes;c__Clostridia;o__Clostridiales;f__Veillonellaceae;g__Phascolarctobacterium	0.01429143849338854	0.007973968390188086	0.0053683659217877095	0.0029842573579739904	0.004351231398485772	0.003587622701679207	0.007339185494315729	0.011587195731910636	0.004321608040201005	0.004570135746606335	0.008459323254139669	0.0011826408885232415	0.010234938357757618	0.0055627425614489	0.007764586732684409	0.006193693693693694	0.006351341253829485	0.0015125847047434656	0.007019303083479569	0.004222972972972973	0.007722995090016367	0.0025161360901433103
k__Bacteria;p__Actinobacteria;c__Coriobacteriia;o__Coriobacteriales;f__Coriobacteriaceae;g__Slackia	0.0166956057165754	0.003110920403346921	0.006153980446927374	0.002135523613963039	0.0030893742929248976	0.0008969056754198017	0.0	0.005293431143714572	0.002864321608040201	0.01	0.005459563234941205	0.004524886877828055	0.0037993331782585097	0.005692108667529107	0.005260788836999944	0.00563063063063063	0.0015691548980049316	0.004537754114230397	0.005389822010528954	0.00453009828009828	0.0004091653027823241	0.005870984210334391
k__Bacteria;p__Firmicutes;c__Clostridia;o__Clostridiales;f__Ruminococcaceae;g__	0.07693335114197943	0.02853464921690624	0.02457227653631285	0.04678986995208761	0.02136454616656514	0.07907718371617918	0.02129802849330839	0.02221573857952651	0.032814070351758796	0.06502262443438914	0.0314374850011999	0.03367955573837927	0.030549740249670467	0.039391979301423026	0.03297136105328307	0.05555555555555555	0.03982664574460136	0.03999273959341723	0.024755577839057408	0.08323095823095823	0.019435351882160393	0.044779929256463555
k__Bacteria;p__Actinobacteria;c__Coriobacteriia;o__Coriobacteriales;f__Coriobacteriaceae;g__Collinsella	0.019166555362628557	0.0016806121719230493	0.0011347765363128493	0.0034223134839151265	0.0015664433034548778	0.006477652100254123	0.0	0.0033761253751250415	0.0007537688442211055	0.012579185520361991	0.003419726421886249	0.00097696421225833	0.005815305885089556	0.004010349288486417	0.00334777471445451	0.007882882882882882	0.0035119181050586564	0.0013310745401742497	0.0011907746302331412	0.00667997542997543	0.0008183306055646482	0.0008022462896109105
k__Bacteria;p__Firmicutes;c__Clostridia;o__Clostridiales;f__Christensenellaceae;g__	0.0030052090289835716	0.012479439319173282	0.006415851955307262	0.0016974674880219029	0.00456879296841006	0.0	0.007339185494315729	0.032719239746582196	0.009698492462311558	0.010090497737556561	0.007319414446844252	0.008381324557795146	0.018608978832286578	0.009896507115135834	0.021380746075507794	0.015703203203203203	0.004483299708585519	0.0006050338818973862	0.006267234895963901	0.001382063882063882	0.02516366612111293	0.001021040732232068
k__Bacteria;p__Firmicutes;c__Clostridia;o__Clostridiales;f__;g__	0.028382529718178177	0.021847958234999642	0.021691689944134077	0.031019849418206707	0.03180750152293099	0.04235387911704619	0.04281191538350842	0.029676558852950983	0.034673366834170855	0.034479638009049775	0.024838012958963283	0.03409090909090909	0.02457935954097852	0.03499353169469599	0.02503797895684465	0.026401401401401403	0.0276470148696107	0.03170377541142304	0.023564803208824266	0.02142199017199017	0.01999795417348609	0.026802319221091785
k__Bacteria;p__Firmicutes;c__Clostridia;o__Clostridiales;f__Veillonellaceae;g__Megasphaera	0.0	0.0	0.002706005586592179	0.0	0.0	0.0	0.0	0.0	0.0	0.0	0.0	0.0	0.0	0.0	0.0	0.0	0.0	0.0	0.0	0.0	0.0	0.0
k__Bacteria;p__Actinobacteria;c__Actinobacteria;o__Bifidobacteriales;f__Bifidobacteriaceae;g__Bifidobacterium	0.0	0.0	0.0	0.0044626967830253255	0.0	0.009218197219592406	0.0	0.0	0.0	0.0	0.0	0.0	0.0	0.0	0.0	0.0	0.0007472166180975864	0.019482090997095837	0.001128102281273502	0.0	0.012326104746317512	0.0
k__Bacteria;p__Firmicutes;c__Clostridia;o__Clostridiales;f__Lachnospiraceae;g__Coprococcus	0.009817016161346333	0.0033612243438460986	0.0034043296089385474	0.00865160848733744	0.0025237142111217475	0.013403757038218148	0.0020146783709886315	0.003251083694564855	0.0037688442211055275	0.003257918552036199	0.004559635229181665	0.006993006993006993	0.002713809413041793	0.007826649417852523	0.002869521183818151	0.005693193193193193	0.0019427632070537248	0.006836882865440465	0.004763098520932565	0.004837223587223587	0.0017900981996726677	0.005214600882470918
k__Bacteria;p__Firmicutes;c__Clostridia;o__Clostridiales;f__Ruminococcaceae;g__Oscillospira	0.009750233738480033	0.005399413573625117	0.006415851955307262	0.009965776865160848	0.005177965364198068	0.015496536947531017	0.012231975823859547	0.012337445815271757	0.006432160804020101	0.011312217194570135	0.010679145668346532	0.0053475935828877	0.006823292238505078	0.012742561448900389	0.007173802959545378	0.014702202202202202	0.006426062915639244	0.005384801548886738	0.008398094760591626	0.008292383292383292	0.005830605564648118	0.0061262443933924075
k__Bacteria;p__Firmicutes;c__Clostridia;o__Clostridiales;f__Peptococcaceae;g__Peptococcus	0.00293842660611727	0.00046485017521275836	0.0011784217877094973	0.0029295003422313485	0.0013053694195457315	0.006527480193333001	0.0020146783709886315	0.0010420140046682228	0.0005025125628140704	0.0006334841628959276	0.0006599472042236621	0.0016454134101192926	0.0010855237652167172	0.001034928848641656	0.0009002419400213807	0.0021271271271271273	0.0	0.0	0.00062672348959639	0.003455159705159705	0.00046031096563011457	0.0005469861065528935
k__Bacteria;p__Firmicutes;c__Clostridia;o__Clostridiales;f__Ruminococcaceae;__	0.013156137304661412	0.0030751626975613244	0.00602304469273743	0.004955509924709103	0.005003916108258637	0.008819572474961384	0.006475751906749172	0.010795265088362788	0.0053266331658291454	0.0062895927601809955	0.0069594432445404366	0.008329905388728917	0.002946421648445375	0.008602846054333764	0.00942440780959883	0.009446946946946947	0.010685197638795487	0.003872216844143272	0.005765856104286789	0.013129606879606879	0.005472585924713585	0.002297341647522153
k__Bacteria;p__Fibrobacteres;c__Fibrobacteria;o__Fibrobacterales;f__Fibrobacteraceae;g__Fibrobacter	0.006945371978095366	0.00021454623471358077	0.0015712290502793297	0.004818617385352498	0.009355147506744408	0.011859086152772933	0.00021585839689163908	0.0002917639213071024	0.001457286432160804	0.0016289592760180996	0.0005399568034557236	0.0010798025503907856	0.0	0.0	5.6265121251336294e-05	0.009822322322322323	0.007023836210117313	0.0025411423039690224	0.0021308598646277263	0.0029176904176904175	0.0	0.0009116435109214892
k__Bacteria;p__Firmicutes;c__Clostridia;o__Clostridiales;f__[Mogibacteriaceae];g__	0.0057432883665019365	0.003933347636415648	0.007768854748603352	0.004353182751540041	0.006526847097728657	0.010862524291195375	0.006259893509857534	0.016588862954318107	0.007738693467336684	0.008914027149321267	0.008099352051835854	0.006787330316742082	0.0057377684732883615	0.007373868046571798	0.00942440780959883	0.007632632632632632	0.008592991108122245	0.00840997095837367	0.004763098520932565	0.003071253071253071	0.00506342062193126	0.006563833278634723
k__Bacteria;p__Bacteroidetes;c__Bacteroidia;o__Bacteroidales;f__S24-7;g__	0.025243755843462	0.005006078809983551	0.006677723463687151	0.01245722108145106	0.0034374728048037597	0.0121580547112462	0.01870772773060872	0.008502834278092697	0.00849246231155779	0.006380090497737557	0.007079433645308376	0.003599341834635952	0.007366054121113437	0.0054333764553686935	0.0037134980025881957	0.009134134134134135	0.00440857804677576	0.007744433688286544	0.0048257708698922035	0.009674447174447175	0.0018412438625204583	0.004995806439849761
k__Bacteria;p__Firmicutes;c__Clostridia;o__Clostridiales;f__Lachnospiraceae;g__Dorea	0.008948844664084413	0.0008581849388543231	0.001964036312849162	0.005968514715947981	0.0006961970237577234	0.019582440579999003	0.005108648726435458	0.00650216738912971	0.006482412060301508	0.003167420814479638	0.007019438444924406	0.004987659399424105	0.006823292238505078	0.004980595084087969	0.004698137624486581	0.007194694694694695	0.0013449899125756557	0.003025169409486931	0.007646026573075959	0.009367321867321867	0.0035801963993453353	0.005032272180286621
k__Bacteria;p__Verrucomicrobia;c__Verrucomicrobiae;o__Verrucomicrobiales;f__Verrucomicrobiaceae;g__Akkermansia	0.0	0.00025030394049917757	0.004408170391061453	0.0036687200547570156	0.0010007832216517275	0.0004982809307887787	0.007267232695351849	0.000958652884294765	0.0013065326633165829	0.0	0.002759779217662587	0.000462772521596051	0.005815305885089556	0.001034928848641656	0.0015754233950374162	0.0027527527527527527	0.001046103265336621	0.0012100677637947724	0.0036976685886187014	0.0	0.00025572831423895256	0.006089778652955549
k__Bacteria;p__WPS-2;c__;o__;f__;g__	0.0	0.0	0.0	0.007419575633127995	0.0	0.0	0.0	0.0	0.0005025125628140704	0.00022624434389140272	0.0007799376049916006	0.0	0.0	0.0	0.0	0.0003128128128128128	0.0	0.0016940948693126815	0.0	0.013743857493857493	0.0	0.0039747657076176935
k__Bacteria;p__Firmicutes;c__Clostridia;o__Clostridiales;f__Clostridiaceae;g__02d06	0.003940162949111794	0.00035757705785596794	0.0023568435754189945	0.002628336755646817	0.0022191280132277435	0.0016941551646818477	0.0	0.00191730576858953	0.0021105527638190956	0.002352941176470588	0.0	0.0021081859317153436	0.001938435295029852	0.004139715394566624	0.0015472908344117482	0.00487987987987988	0.0	0.0044167473378509195	0.0	0.0023034398034398034	0.0027618657937806875	0.001276300915290085
k__Bacteria;p__Actinobacteria;c__Coriobacteriia;o__Coriobacteriales;f__Coriobacteriaceae;g__Adlercreutzia	0.00040069453719780956	0.0008581849388543231	0.0044518156424581	0.0016700889801505817	0.00304586197894004	0.0	0.0	0.00266755585195065	0.0026130653266331657	0.0023981900452488686	0.0028797696184305254	0.004781982723159194	0.004574707296270451	0.000646830530401035	0.0020255443650481065	0.0005005005005005005	0.0029141448105805875	0.005384801548886738	0.0032589621459012284	0.0003839066339066339	0.002199263502454992	0.002115012945337855
k__Bacteria;p__Firmicutes;c__Clostridia;o__Clostridiales;f__Lachnospiraceae;g__Blautia	0.033190864164551886	0.003933347636415648	0.002836941340782123	0.01273100616016427	0.0019580541293185974	0.028651153520354775	0.0023744423658080297	0.002875958652884295	0.004723618090452261	0.006334841628959276	0.005639548836093113	0.004730563554092966	0.0021710475304334343	0.005498059508408797	0.002897653744443819	0.012074574574574575	0.0028394231487708288	0.004900774443368829	0.007771371270995237	0.018043611793611792	0.0017389525368248773	0.00758487401086679
k__Bacteria;p__Bacteroidetes;c__Bacteroidia;o__Bacteroidales;f__Bacteroidaceae;g__Bacteroides	0.0013356484573260317	0.002288493170278195	0.001003840782122905	0.0007665982203969884	0.0006526847097728658	0.0027903732124171608	0.002878111958555188	0.0031260420140046684	0.0010552763819095478	0.000995475113122172	0.00167986561075114	0.002313862607980255	0.001007986353415523	0.0005821474773609315	0.0014066280312834073	0.0036911911911911913	0.0004483299708585519	0.0010285575992255566	0.0026322386563048385	0.0026105651105651105	0.0008183306055646482	0.0011304379535426467
k__Bacteria;p__Bacteroidetes;c__Bacteroidia;o__Bacteroidales;f__[Paraprevotellaceae];g__CF231	0.0026712969146520634	0.00010727311735679038	0.0011784217877094973	0.0014510609171800137	0.0	0.00044845283770990086	0.000719527989638797	0.00012504168056018673	0.0005527638190954774	0.00022624434389140272	0.0002999760019198464	0.0015939942410530645	0.0007753741180119407	0.0008408796895213454	0.0002531930456310133	0.0015640640640640642	0.0008219382799073452	0.0032066795740561473	0.0	0.0033783783783783786	0.0	0.0004375888852423148
k__Bacteria;p__Bacteroidetes;c__Bacteroidia;o__Bacteroidales;f__Porphyromonadaceae;g__Parabacteroides	0.0018031254173901429	0.0033969820496316957	0.0017458100558659217	0.00243668720054757	0.0013923940475154468	0.001544670885445214	0.008130666282918406	0.0024591530510170057	0.0006030150753768845	0.002307692307692308	0.0020998320134389247	0.00097696421225833	0.003101496472047763	0.0029754204398447608	0.0011534349856523942	0.004066566566566567	0.001046103265336621	0.002601645692158761	0.001692153421910253	0.0018427518427518428	0.002915302782324059	0.001093972213105787
k__Bacteria;p__Firmicutes;c__Erysipelotrichi;o__Erysipelotrichales;f__Erysipelotrichaceae;g__Catenibacterium	0.004340857486309603	0.0	0.0	0.0002737850787132101	0.0	0.0	0.0	0.0002917639213071024	0.0	0.0	0.0010199184065274778	0.0	0.0	0.0	0.00011253024250267259	0.02245995995995996	0.0	0.0	0.0	0.0062192874692874696	0.0	0.0
k__Bacteria;p__Firmicutes;c__Clostridia;o__Clostridiales;f__Ruminococcaceae;g__Gemmiger	0.005810070789368238	0.0	0.0	0.0007118412046543464	0.0	0.007872838706462704	0.0005756223917110375	0.0	0.0	0.0007239819004524887	0.0	0.0	0.0012405985888191051	0.0	0.0	0.004942442442442442	0.0	0.0	0.0	0.001074938574938575	0.0	0.0
k__Bacteria;p__Firmicutes;c__Bacilli;o__Lactobacillales;f__Streptococcaceae;g__Streptococcus	0.0008013890743956191	0.0016448544661374527	0.0	0.00837782340862423	0.00043512313984857715	0.008271463451093726	0.0	0.0017089029676558853	0.0	0.00022624434389140272	0.0	0.00097696421225833	0.0005427618826083586	0.0259379042690815	0.000562651212513363	0.006318818818818819	0.0	0.0	0.0	0.0	0.0	0.00014586296174743827
k__Bacteria;p__Firmicutes;c__Erysipelotrichi;o__Erysipelotrichales;f__Erysipelotrichaceae;g__[Eubacterium]	0.003272338720448778	0.0005006078809983551	0.0004364525139664804	0.0016974674880219029	0.00021756156992428858	0.013304100852060392	0.009857533458051519	0.0005418472824274759	0.0004020100502512563	0.0008597285067873303	0.0008999280057595393	0.0008227067050596463	0.0015507482360238814	0.0007761966364812419	0.0018286164406684296	0.010948448448448448	0.0	0.0022386253630203292	0.0006893958385560291	0.0019195331695331696	0.0	0.0008022462896109105
k__Bacteria;p__Cyanobacteria;c__4C0d-2;o__YS2;f__;g__	0.0038065981033791906	0.0037545591074876635	0.004277234636871508	0.004681724845995893	0.0023931772691671745	0.01006527480193333	0.011224636638365232	0.0061687229076358785	0.0005527638190954774	0.0037104072398190047	0.006419486441084713	0.004010695187165776	0.00209351011863224	0.003428201811125485	0.0009846396218983853	0.004191691691691692	0.002540536501531794	0.004719264278799613	0.0018174981198295311	0.005681818181818182	0.0038870703764320785	0.0033548481201910803
k__Bacteria;p__Firmicutes;c__Clostridia;o__Clostridiales;f__Lachnospiraceae;g__[Ruminococcus]	0.0006010418057967143	0.0013230351140670815	0.0008729050279329608	0.005968514715947981	0.001653467931424593	0.008520603916488116	0.0007914807886026767	0.0010003334444814939	0.002412060301507538	0.0011312217194570137	0.001919846412287017	0.003187988482106129	0.0018608978832286578	0.00129366106080207	0.002475665335058797	0.004629629629629629	0.0009713816035268624	0.0025411423039690224	0.001128102281273502	0.0018427518427518428	0.0	0.002734930532764468
k__Bacteria;p__Verrucomicrobia;c__Verruco-5;o__WCHB1-41;f__RFP12;g__	0.0040069453719780955	0.0	0.0006110335195530726	0.0014784394250513346	0.0	0.0	0.0006475751906749172	0.0	0.00035175879396984926	0.000588235294117647	0.00023998080153587713	0.00097696421225833	0.00038768705900597036	0.000646830530401035	0.0	0.0021896896896896898	0.0020174848688634837	0.000484027105517909	0.0	0.0007678132678132678	0.00010229132569558102	0.0
k__Bacteria;p__Bacteroidetes;c__Bacteroidia;o__Bacteroidales;f__[Paraprevotellaceae];g__	0.00040069453719780956	0.0011084888793535007	0.0008292597765363128	0.0010130047912388774	0.0005221477678182926	0.0	0.0033817815513023457	0.0012087362454151385	0.0007035175879396985	0.0009502262443438915	0.0013198944084473242	0.00030851501439736734	0.0007753741180119407	0.00045278137128072445	0.0010971698644010577	0.00037537537537537537	0.0005230516326683105	0.000484027105517909	0.000250689395838556	0.0003839066339066339	0.0012274959083469722	0.0
k__Bacteria;p__Bacteroidetes;c__Bacteroidia;o__Bacteroidales;f__[Paraprevotellaceae];g__[Prevotella]	0.005142246560705222	0.0014660659372094686	0.0013530027932960895	0.0006023271731690623	8.702462796971542e-05	0.004384872190941253	0.00719527989638797	0.00016672224074691563	0.002814070351758794	0.002850678733031674	0.002759779217662587	0.0008227067050596463	0.0037217957664573155	0.002263906856403622	0.0008439768187700445	0.007882882882882882	0.0006724949562878278	0.0007865440464666022	0.000250689395838556	0.0033783783783783786	0.00025572831423895256	0.0004740546256791744
k__Bacteria;p__Firmicutes;c__Clostridia;o__Clostridiales;f__Clostridiaceae;g__Sarcina	0.0	0.0	0.0	0.0	0.0	0.0	0.0	0.0	0.0	0.0	0.0	0.0	0.0	0.0	0.002700725820064142	0.0	0.0	0.0	0.0	0.0	0.0	0.0
k__Bacteria;p__Firmicutes;c__Erysipelotrichi;o__Erysipelotrichales;f__Erysipelotrichaceae;g__Bulleidia	0.0015359957259249366	0.00039333476364156476	0.0005673882681564246	0.0006297056810403833	0.0	0.006278339727938612	0.003237875953374586	0.0004168056018672891	0.0	0.0011312217194570137	0.00047996160307175426	0.00041135335252982314	0.0007753741180119407	0.0008408796895213454	0.0011815675462780622	0.005005005005005005	0.0002988866472390346	0.0012100677637947724	0.0	0.0009213759213759214	0.0004091653027823241	0.0003281916639317361
k__Bacteria;p__Firmicutes;c__Clostridia;o__Clostridiales;f__Lachnospiraceae;g__Oribacterium	0.005409376252170429	0.0	0.0	0.0	0.0	0.0005481090238676566	0.0	0.00020840280093364455	0.0	0.0003167420814479638	0.0	0.0	0.0	0.0	0.0	0.0005005005005005005	0.0	0.0	0.0	0.0004606879606879607	0.0	0.0
k__Bacteria;p__Firmicutes;c__Clostridia;o__Clostridiales;f__[Mogibacteriaceae];g__Mogibacterium	0.0007346066515293175	0.0011084888793535007	0.0016148743016759777	0.0012594113620807666	0.0011748324775911582	0.0006477652100254123	0.0015110087782414735	0.0014171390463487829	0.0009045226130653266	0.002579185520361991	0.0025797936165106792	0.0	0.0009304489416143289	0.0	0.002222472289427784	0.0033783783783783786	0.0008219382799073452	0.002420135527589545	0.000501378791677112	0.0006142506142506142	0.0008694762684124386	0.0005469861065528935
k__Bacteria;p__Bacteroidetes;c__Bacteroidia;o__Bacteroidales;f__BS11;g__	0.0	0.0	0.0	0.0004380561259411362	0.000609172395788008	0.0	0.0001439055979277594	0.0	0.00010050251256281407	0.0008144796380090498	0.0	0.00025709584533113944	0.0	0.0	0.0	0.00025025025025025025	0.00022416498542927594	0.0007260406582768635	0.0	0.0003071253071253071	0.0	7.293148087371914e-05
k__Archaea;p__Euryarchaeota;c__Thermoplasmata;o__E2;f__[Methanomassiliicoccaceae];g__vadinCA11	0.0	0.00032181935207037116	0.0003928072625698324	0.0001916495550992471	0.00013053694195457315	0.00014948427923663362	0.003093970355446827	0.00025008336112037347	0.0002512562814070352	0.0004072398190045249	0.0007799376049916006	0.00020567667626491157	0.0005427618826083586	0.0003234152652005175	0.00019692792437967703	0.0015640640640640642	0.0	0.00042352371732817036	0.0	0.0	0.00020458265139116204	0.000255260183058017
k__Bacteria;p__Firmicutes;c__Clostridia;o__Clostridiales;f__Veillonellaceae;g__	0.0	0.00032181935207037116	0.001833100558659218	0.0014236824093086927	0.0016969802454094508	0.0	0.0017268671751331126	0.0015005001667222407	0.002864321608040201	0.0	0.0016198704103671706	0.0008741258741258741	0.0006978367062107466	0.000646830530401035	0.0007877116975187081	0.00037537537537537537	0.0020174848688634837	0.0013915779283639883	0.0007520681875156681	0.0	0.0008183306055646482	0.0015680268387849616
k__Bacteria;p__Bacteroidetes;c__Bacteroidia;o__Bacteroidales;__;__	0.0025377320689194604	0.004183651576914825	0.000916550279329609	0.0004106776180698152	0.0008267339657122965	0.00029896855847326724	0.0	0.0	0.00020100502512562814	0.0009049773755656109	0.0	0.003805018510900864	0.0024811971776382102	0.0018111254851228978	0.0006189163337646992	0.0	0.0008219382799073452	0.0005445304937076477	0.000313361744798195	0.0003839066339066339	0.00020458265139116204	0.00018232870218429784
k__Bacteria;p__Tenericutes;c__Mollicutes;o__RF39;f__;g__	0.0012020836115934285	0.001036973467782307	0.0005237430167597765	0.0001916495550992471	0.0002610738839091463	0.0	0.04756080011512448	0.001292097365788596	0.0010552763819095478	0.0009502262443438915	0.0025797936165106792	0.00030851501439736734	0.006668217414902691	0.00129366106080207	0.0001687953637540089	0.0020645645645645644	0.0003736083090487932	0.0021781219748305907	0.0009400852343945851	0.0007678132678132678	0.0004091653027823241	0.0006928490683003318
k__Bacteria;p__Firmicutes;c__Clostridia;o__Clostridiales;f__Ruminococcaceae;g__Faecalibacterium	0.0036062508347802858	0.0006793964099263392	0.00034916201117318437	0.0015058179329226558	0.0	0.00936768149882904	0.0	0.0002917639213071024	0.0005527638190954774	0.0	0.0005999520038396928	0.0	0.0	0.0	0.0004782535306363585	0.002565065065065065	0.0	0.0	0.0	0.0016891891891891893	0.0	0.000255260183058017
k__Bacteria;p__Firmicutes;c__Clostridia;o__Clostridiales;f__Lachnospiraceae;g__Epulopiscium	0.0013356484573260317	0.0	0.0011784217877094973	0.0012867898699520876	0.0015664433034548778	0.0028402013054960387	0.0	0.00016672224074691563	0.0002512562814070352	0.0018099547511312218	0.0	0.001851090086384204	0.0	0.0014877102199223804	0.00014066280312834074	0.0003128128128128128	0.002391093177912277	0.002299128751210068	0.004575081474053648	0.0008445945945945946	0.00046031096563011457	0.003136053677569923
k__Bacteria;p__Firmicutes;c__Clostridia;o__Clostridiales;f__Dehalobacteriaceae;g__	0.0	0.0	0.0013093575418994413	0.0002737850787132101	0.0009572709076668697	0.0	0.0	0.001292097365788596	0.001507537688442211	0.001176470588235294	0.0005999520038396928	0.0005656108597285068	0.0012405985888191051	0.0007761966364812419	0.0005063860912620266	0.0012512512512512512	0.0019427632070537248	0.0016940948693126815	0.0007520681875156681	0.0	0.0	0.0008387120300477701
k__Bacteria;p__Firmicutes;c__Clostridia;o__Clostridiales;__;__	0.004541204754908508	0.00042909246942716153	0.0003055167597765363	0.0004106776180698152	0.0	0.00234192037470726	0.0003597639948193985	0.0007085695231743914	0.0002512562814070352	0.000497737556561086	0.0011399088072954163	0.0	0.00046522447080716444	0.0	0.0012378326675293984	0.001001001001001001	0.0005977732944780692	0.0010890609874152953	0.000313361744798195	0.0005374692874692875	0.00035801963993453353	0.0013127666557269445
k__Bacteria;p__Bacteroidetes;c__Bacteroidia;o__Bacteroidales;f__[Paraprevotellaceae];__	0.0010017363429945239	0.0	0.00034916201117318437	0.0016974674880219029	0.000304586197894004	0.0019931237231551146	0.0	0.000458486162054018	0.00030150753768844223	0.0002714932126696833	0.0	0.0007198683669271905	0.0	0.0	0.0	0.0013763763763763764	0.0015691548980049316	0.0003025169409486931	0.0	0.0003839066339066339	0.0	0.0006563833278634722
k__Bacteria;p__Firmicutes;c__Erysipelotrichi;o__Erysipelotrichales;f__Erysipelotrichaceae;g__p-75-a5	0.0010017363429945239	0.00025030394049917757	0.00017458100558659218	0.0002464065708418891	0.0	0.0037869350739947183	0.002662253561663549	0.0	0.0	0.0005429864253393666	0.0	0.00015425750719868367	0.00046522447080716444	0.0	0.0007877116975187081	0.003878878878878879	0.0	0.0003025169409486931	0.0	0.0003071253071253071	0.0	0.0003646574043685957
k__Bacteria;p__Firmicutes;c__Clostridia;o__Clostridiales;f__Veillonellaceae;__	0.0	0.00032181935207037116	0.005673882681564246	0.0	0.0	0.0	0.0	0.004084694898299433	0.0	0.0	0.0	0.0	0.0	0.001164294954721863	0.00036572328813368595	0.0007507507507507507	0.0	0.0	0.0	0.0	0.0	0.0
k__Bacteria;p__Bacteroidetes;c__Bacteroidia;o__Bacteroidales;f__RF16;g__	0.0007346066515293175	0.0	0.0002182262569832402	0.0008761122518822724	0.0002610738839091463	0.00024914046539438933	0.0017988199740969924	8.336112037345781e-05	0.0	0.00013574660633484164	0.0	0.00015425750719868367	0.0	0.0	0.0	0.0010635635635635637	0.0007472166180975864	0.00036302032913843176	0.0	0.000691031941031941	0.0	0.00018232870218429784
k__Bacteria;p__Proteobacteria;c__Deltaproteobacteria;o__Desulfovibrionales;f__Desulfovibrionaceae;g__Desulfovibrio	0.0	0.001215761996710291	0.00017458100558659218	0.0	0.0005656600818031502	0.0	0.0033817815513023457	0.0007502500833611204	0.0	0.0	0.0	0.0	0.0008529115298131348	0.00045278137128072445	0.0005907837731390311	0.0005005005005005005	0.0	0.0	0.000313361744798195	0.0	0.0009717675941080196	0.0
k__Bacteria;p__Proteobacteria;c__Gammaproteobacteria;o__Aeromonadales;f__Succinivibrionaceae;g__Succinivibrio	0.0014024308801923334	0.0001430308231423872	0.0	0.0003559206023271732	0.0	0.001195874233893069	0.0015110087782414735	0.00025008336112037347	0.0	0.0	0.0002999760019198464	0.0	0.0	0.0010996119016817593	0.0001687953637540089	0.0006256256256256256	0.0	0.0	0.00043870644271747306	0.0003071253071253071	0.0	0.0011304379535426467
k__Bacteria;p__Tenericutes;c__Mollicutes;o__Anaeroplasmatales;f__Anaeroplasmataceae;g__Anaeroplasma	0.0	0.0	0.0002182262569832402	0.00010951403148528405	0.0	0.0	0.0006475751906749172	0.0	0.0008542713567839196	0.0	0.0	0.00010283833813245579	0.0003101496472047763	0.0	0.0	0.0	0.0005230516326683105	0.0	0.000313361744798195	0.0	0.0	0.00014586296174743827
k__Bacteria;p__Firmicutes;c__Erysipelotrichi;o__Erysipelotrichales;f__Erysipelotrichaceae;g__	0.0006010418057967143	0.00010727311735679038	0.0002182262569832402	0.0002464065708418891	0.0	0.0014450146992874583	0.0010792919844581953	0.0002917639213071024	0.0	0.00022624434389140272	0.00017998560115190784	0.00020567667626491157	0.0	0.0	0.00042198840938502223	0.0013763763763763764	0.0	0.0	0.000564051140636751	0.0	0.00010229132569558102	0.0001093972213105787
k__Bacteria;p__Proteobacteria;c__Epsilonproteobacteria;o__Campylobacterales;f__Campylobacteraceae;g__Campylobacter	0.0	0.0	0.0	0.00013689253935660506	0.0	0.00014948427923663362	0.0007914807886026767	0.0	0.0	9.049773755656108e-05	0.00011999040076793856	0.0	0.0	0.00038809831824062095	0.0	0.0011886886886886888	0.0002988866472390346	0.0	0.000250689395838556	0.0	0.00015343698854337152	0.0
k__Bacteria;p__Firmicutes;c__Clostridia;o__Clostridiales;f__Veillonellaceae;g__Mitsuokella	0.0	0.0	0.0	0.0	0.0	0.0	0.0	0.0012504168056018672	0.0	0.0	0.0010799136069114472	0.0	0.0	0.0	0.0	0.0	0.0	0.0	0.0	0.0	0.0	0.0
k__Bacteria;p__Firmicutes;c__Clostridia;o__Clostridiales;f__Veillonellaceae;g__Selenomonas	0.0	0.0	0.0015712290502793297	0.0	0.0	0.0	0.0	0.0	0.0	0.0	0.0	0.0	0.0	0.0	0.0	0.0	0.0	0.0	0.0	0.0	0.0	0.0
k__Bacteria;p__Firmicutes;c__Bacilli;o__Lactobacillales;f__Enterococcaceae;g__Enterococcus	0.0	0.0	0.0	0.0007392197125256673	0.0	0.0017439832577607255	0.0	0.004501500500166723	0.0	0.0	0.0	0.0	0.0	0.0	0.0	0.0	0.0	0.0	0.0010654299323138632	0.0004606879606879607	0.0	0.0
k__Bacteria;p__Bacteroidetes;c__Bacteroidia;o__Bacteroidales;f__Porphyromonadaceae;g__Paludibacter	0.0	0.0	0.0	0.0004106776180698152	0.0	0.0	0.00043171679378327816	0.0	0.0	0.0	0.00017998560115190784	0.0	0.00015507482360238814	0.0	0.0	0.0	0.0	0.0005445304937076477	0.000250689395838556	0.0	0.0	0.0002187944426211574
k__Bacteria;p__Proteobacteria;c__TA18;o__PHOS-HD29;f__;g__	0.0	0.0	0.0	0.0005475701574264203	0.0	0.0	0.0	0.0	0.0	0.0	0.0	0.00015425750719868367	0.0	0.0	0.0	0.0	0.0	0.0	0.0	0.0012285012285012285	0.0	7.293148087371914e-05
k__Bacteria;p__Actinobacteria;c__Actinobacteria;o__Actinomycetales;f__Corynebacteriaceae;g__Corynebacterium	0.0	0.0	0.0	0.0	0.0002610738839091463	0.0009467337684986796	0.0	0.000916972324108036	0.0	0.0	0.0	0.0	0.0	0.0	0.0003094581668823496	0.0	0.001046103265336621	0.0	0.0	0.0013052825552825552	0.0	0.000255260183058017
k__Bacteria;p__Firmicutes;c__Erysipelotrichi;o__Erysipelotrichales;f__Erysipelotrichaceae;g__L7A_E11	0.0	0.0	0.0	0.0002190280629705681	0.0	0.0	0.0	0.0	0.0	0.0	0.0	0.0	0.0	0.0	0.0	0.0	0.0	0.0	0.000250689395838556	0.0	0.0	0.0
k__Bacteria;p__Firmicutes;c__Clostridia;o__Clostridiales;f__Lachnospiraceae;g__Clostridium	0.0	0.0	0.00017458100558659218	0.0	0.0	0.0	0.0	0.0	0.0	0.0	0.00023998080153587713	0.0	0.0	0.0	0.0	0.0	0.0	0.0	0.0	0.0	0.0	0.0
k__Bacteria;p__;c__;o__;f__;g__	0.0	0.0	0.0	0.0	0.0	0.0	0.0	0.0	0.0	0.0	0.0	0.0	0.0	0.0	0.0	0.0	0.0	0.0002420135527589545	0.0	0.0	0.0	0.0
k__Bacteria;p__Firmicutes;c__Erysipelotrichi;o__Erysipelotrichales;f__Erysipelotrichaceae;g__Sharpea	0.0	0.00010727311735679038	0.0	0.0	0.0	0.0	0.0	0.0	0.0	0.0	0.0	0.0	0.0	0.0	0.0	0.0	0.0	0.0	0.0	0.0	0.0	0.0
k__Bacteria;p__Firmicutes;c__Clostridia;o__Clostridiales;f__Lachnospiraceae;g__Lachnospira	0.0	0.0	0.0	0.0	0.0	0.0017938113508396034	0.0	0.0	0.0	0.0	0.0	0.0	0.0	0.0	0.0	0.0	0.0	0.0	0.0	0.0	0.0	0.0
k__Bacteria;p__Firmicutes;c__Clostridia;o__Clostridiales;f__Veillonellaceae;g__Anaerovibrio	0.003405903566181381	0.0	0.0	0.0	0.0	0.0	0.0	0.0	0.0	0.0	0.0	0.0	0.0	0.0	0.0	0.0	0.0	0.0	0.0	0.0	0.0	0.0
k__Bacteria;p__Firmicutes;c__Clostridia;o__Clostridiales;f__Eubacteriaceae;g__Anaerofustis	0.0	0.0	0.0002182262569832402	0.0	0.0	0.0	0.0	0.00016672224074691563	0.0	0.0	0.00017998560115190784	0.0	0.0	0.0	0.0	0.0	0.0	0.0	0.00018801704687891702	0.0	0.0	0.0
k__Bacteria;p__Firmicutes;c__Clostridia;o__Clostridiales;f__[Tissierellaceae];g__Anaerococcus	0.0	0.0	0.0	5.4757015742642024e-05	0.0	0.0	0.0010073391854943158	0.0	0.0	0.0	0.0	0.0	0.0	0.0	0.0	0.00012512512512512512	0.0	0.0	0.0	0.0	0.0	7.293148087371914e-05
k__Bacteria;p__Firmicutes;c__Clostridia;o__Clostridiales;f__Lachnospiraceae;g__Roseburia	0.0	0.0	0.0005673882681564246	0.0	0.0	0.0031889979570481836	0.0	0.0	0.0	0.0	0.0	0.0	0.0	0.0	0.0	0.0	0.0	0.0	0.0	0.0	0.0	0.0
k__Bacteria;p__Proteobacteria;c__Betaproteobacteria;o__Rhodocyclales;f__Rhodocyclaceae;__	0.0008013890743956191	0.00021454623471358077	0.0002182262569832402	0.0	0.0	0.0	0.0	0.0	0.0005025125628140704	0.00013574660633484164	0.0	0.0	0.0	0.0	0.0	0.0	0.0	0.0	0.0	0.0	0.0	0.0
k__Bacteria;p__Firmicutes;c__Clostridia;o__Clostridiales;f__Lachnospiraceae;g__Pseudobutyrivibrio	0.0006678242286630158	0.0	0.0	0.0	0.0	0.001544670885445214	0.0	0.0	0.0	0.0	0.0	0.0	0.0	0.0	0.0	0.0	0.0	0.0	0.0	0.0004606879606879607	0.0	0.0
k__Bacteria;p__Proteobacteria;c__Deltaproteobacteria;o__GMD14H09;f__;g__	0.00013356484573260317	0.0	0.0	0.0	8.702462796971542e-05	0.0	0.0008634335875665563	0.0	0.0	0.0	0.0	0.0	0.0	0.0	0.0	0.00018768768768768769	0.0004483299708585519	0.0	0.0	0.0	0.0	0.0
k__Bacteria;p__Proteobacteria;c__Betaproteobacteria;o__Burkholderiales;f__Oxalobacteraceae;g__Oxalobacter	0.0	0.0	0.0	0.0	0.0	0.0	0.0010073391854943158	0.0	0.0	0.0	0.0	0.0	0.0	0.0	0.0	0.00037537537537537537	0.0002988866472390346	0.0	0.0	0.0	0.0	0.0
k__Bacteria;p__Firmicutes;c__Erysipelotrichi;o__Erysipelotrichales;f__Erysipelotrichaceae;g__RFN20	0.0	0.0	0.0	0.0	0.0	0.0	0.0010073391854943158	0.0	0.0	0.00022624434389140272	0.0	0.0	0.0	0.0	0.0	0.0	0.0	0.0	0.0	0.0	0.0	0.0
k__Bacteria;p__Verrucomicrobia;c__Verruco-5;o__WCHB1-41;f__WCHB1-25;g__	0.0	0.0	0.0	0.0002737850787132101	0.0	0.0	0.0	0.0	0.0	0.0	0.0	0.0	0.0	0.0	0.0	0.00012512512512512512	0.0	0.0	0.0	0.0	0.0	0.0
k__Bacteria;p__Firmicutes;c__Clostridia;o__Clostridiales;f__Lachnospiraceae;g__Shuttleworthia	0.0	0.0	0.0006983240223463687	0.0	0.0	0.0	0.0	0.0	0.0	0.0	0.0	0.0	0.0	0.0	0.0	0.0	0.0	0.0	0.0	0.0	0.0	0.0004375888852423148
k__Bacteria;p__Actinobacteria;c__Actinobacteria;o__Actinomycetales;f__Actinomycetaceae;g__Actinomyces	0.0	0.0	0.0	0.0	0.0	0.0	0.0	0.0	0.0	0.0	0.0	0.0007198683669271905	0.0	0.0	0.0	0.0	0.0	0.0	0.0	0.0	0.0	0.0
k__Bacteria;p__TM7;c__TM7-3;o__CW040;f__F16;g__	0.0	0.0	0.0	8.213552361396303e-05	0.0	0.0	0.001654914376169233	0.0	0.0	0.0	0.0	0.0	0.0	0.0	0.0	0.00025025025025025025	0.0	0.0	0.0	0.0	0.0	0.0
k__Bacteria;p__Proteobacteria;c__Alphaproteobacteria;o__Rickettsiales;f__mitochondria;__	0.0	0.0	0.0	0.0	0.0	0.00024914046539438933	0.0002878111958555188	0.0	0.0	0.0	0.0	0.0	0.0	0.0	0.0	0.0	0.0	0.0	0.0	0.0	0.0	0.0
k__Bacteria;p__Synergistetes;c__Synergistia;o__Synergistales;f__Synergistaceae;g__Synergistes	0.0	0.0	0.0	0.0	0.0	0.0	0.0	0.000458486162054018	0.00020100502512562814	0.0	0.0	0.0	0.00023261223540358222	0.0	0.00011253024250267259	0.0	0.0	0.0	0.0	0.0	0.0	0.0
k__Bacteria;p__Firmicutes;c__Clostridia;o__Clostridiales;f__Peptococcaceae;g__rc4-4	0.00046747696006411115	0.0	0.0	0.0	0.0	0.0003487966515521451	0.0	0.0	0.0	0.0	0.0	0.0	0.0	0.0	0.0	0.0	0.0	0.0	0.0	0.0	0.0	0.0
k__Bacteria;p__Lentisphaerae;c__[Lentisphaeria];o__Z20;f__R4-45B;g__	0.0	0.0	0.0	0.0	0.0	0.0	0.0	0.0	0.0	0.0	0.0	0.0	0.0	0.000129366106080207	0.0	0.0	0.0	0.0	0.0	0.0	0.0	0.0
k__Bacteria;p__Bacteroidetes;c__Bacteroidia;o__Bacteroidales;f__Porphyromonadaceae;g__Porphyromonas	0.0	0.0	0.0	5.4757015742642024e-05	0.0	0.0	0.0	0.0	0.0	0.0	0.0	0.0	0.0	0.0	0.0	0.0	0.0	0.0	0.0	0.0	0.0	0.0
k__Bacteria;p__Fusobacteria;c__Fusobacteriia;o__Fusobacteriales;f__Fusobacteriaceae;g__Fusobacterium	0.0	0.0	0.0	0.0	0.00013053694195457315	0.0	0.0	0.0	0.0	0.0	0.0	0.0	0.0	0.0	0.0	0.0	0.0	0.0	0.0	0.0	0.0	0.0
k__Bacteria;p__Proteobacteria;c__Alphaproteobacteria;o__Rickettsiales;f__;g__	0.0	0.0	0.0	5.4757015742642024e-05	0.0	0.0	0.0	0.0	0.0	0.0	0.0	0.0	0.0	0.0	0.0	0.0	0.0	0.0	0.0	0.0	0.0	0.0
k__Bacteria;p__Cyanobacteria;c__Chloroplast;o__Streptophyta;f__;g__	0.0	0.0	0.0	0.0	0.0	9.965618615775574e-05	0.0	0.0	0.0	0.0	0.0	0.0	0.0	0.0	0.0	0.0	0.0	0.0	0.0	0.0	0.0	0.0
k__Bacteria;p__Actinobacteria;c__Actinobacteria;o__Actinomycetales;f__Micrococcaceae;g__Rothia	0.0	0.0	0.0	0.0	0.0	0.0	0.0	0.0	0.0	0.0	0.0	0.0	0.0	0.0	0.0	0.0003128128128128128	0.0	0.0	0.0	0.0	0.0	0.0
k__Bacteria;p__Actinobacteria;c__Actinobacteria;o__Actinomycetales;f__Actinomycetaceae;g__Mobiluncus	0.0	0.0	0.0	0.0	0.0	0.0	0.0	0.0	0.0	0.0	0.0	0.00015425750719868367	0.0	0.0	0.0	0.0	0.0	0.0	0.0	0.0	0.0	0.0
k__Bacteria;p__Firmicutes;c__Clostridia;o__Clostridiales;f__Ruminococcaceae;g__Clostridium	0.0	0.0	0.0	0.0	0.0	0.0	0.0	0.0	0.0	0.0	0.0	0.00020567667626491157	0.0	0.0	0.00019692792437967703	0.0	0.0	0.0	0.0	0.0	0.0	0.0
k__Bacteria;p__Proteobacteria;c__Alphaproteobacteria;o__;f__;g__	0.0	0.0	0.0	0.0	0.0	0.0	0.0003597639948193985	0.0	0.0	0.0	0.0	0.0	0.0	0.0	0.0	0.0	0.0	0.0	0.0	0.0	0.0	0.0
k__Bacteria;p__Proteobacteria;c__Alphaproteobacteria;o__RF32;f__;g__	0.00013356484573260317	0.0	0.0	0.0	0.0	0.00019931237231551147	0.0	0.0	0.0	0.0	0.0	0.0	0.0	0.0	0.0	0.0	0.0	0.0	0.0	0.0	0.0	0.0
k__Bacteria;p__Bacteroidetes;c__Bacteroidia;o__Bacteroidales;f__[Odoribacteraceae];g__Butyricimonas	0.0	0.0	0.0	0.0	0.0	0.0	0.0002878111958555188	0.0	0.0	0.0	0.0	0.0	0.0	0.0	0.0	0.0	0.0	0.0	0.0	0.0	0.0	0.0
k__Bacteria;__;__;__;__;__	0.0	0.0	0.0	0.0	0.0	0.0	0.0002878111958555188	0.0	0.0	0.0	0.0	0.0	0.0	0.0	0.0	0.0	0.0	0.0	0.0	0.0	0.0	0.0
k__Bacteria;p__Firmicutes;c__Clostridia;o__Clostridiales;f__Dehalobacteriaceae;g__Dehalobacterium	0.0	0.0	0.0	0.0	0.0	0.0	0.0	0.0	0.0	0.00018099547511312217	0.0	0.0	0.0	0.0	0.0	0.0	0.0	0.0	0.0	0.0	0.0	0.0
k__Bacteria;p__Proteobacteria;c__Epsilonproteobacteria;o__Campylobacterales;f__Helicobacteraceae;g__Flexispira	0.0	0.0	0.0	0.0	0.0	0.0	0.0	0.0	0.0	0.0	0.0	0.00010283833813245579	0.0	0.0	0.0	0.0	0.0	0.0	0.0	0.0	0.0	0.0
k__Archaea;p__Euryarchaeota;c__Methanomicrobia;o__Methanosarcinales;f__Methanosarcinaceae;g__Methanosarcina	0.0	0.0	0.0	0.0	0.0	0.0	0.0	0.0	0.0	0.0	0.0	0.0	0.0	0.0	0.0	0.0	0.0	0.0	0.0	0.00015356265356265356	0.0	0.0